mX,mY,mZ 
33.41,-17.38,1.55
35.19,-18.46,0.52
35.73,-18.64,2.41
36.26,-19.18,1.21
36.08,-19.36,0.00
36.26,-19.54,0.86
35.91,-20.97,0.17
38.23,-20.07,-1.38
37.34,-21.33,-0.17
36.44,-22.22,-3.10
37.16,-21.15,-1.38
37.34,-22.76,-2.93
37.16,-23.30,-2.07
37.51,-22.94,-2.07
38.76,-23.48,-5.34
38.94,-22.94,-5.17
37.87,-25.09,-3.79
37.69,-25.27,-3.27
39.84,-23.84,-5.34
38.23,-22.94,-4.48
38.23,-23.66,-4.48
37.87,-24.73,-3.44
37.69,-23.12,-4.30
38.41,-23.12,-3.96
37.51,-23.66,-3.79
39.66,-24.73,-3.44
38.94,-22.94,-3.44
38.94,-23.66,-4.48
38.05,-23.12,-3.62
38.76,-23.48,-4.30
39.12,-23.48,-3.62
39.84,-22.40,-4.65
38.94,-22.58,-3.44
38.76,-23.48,-4.30
38.76,-24.55,-3.96
37.69,-24.91,-3.96
37.51,-25.45,-3.79
38.05,-23.84,-3.62
39.84,-23.84,-3.96
40.19,-24.91,-5.34
38.23,-24.37,-3.79
38.23,-25.45,-3.79
39.12,-25.99,-3.62
38.05,-25.63,-5.34
38.59,-25.09,-5.51
39.30,-25.45,-4.13
39.48,-24.91,-4.30
37.87,-24.37,-5.51
38.94,-25.45,-3.79
39.66,-24.73,-4.48
39.12,-25.63,-3.96
38.76,-25.99,-4.30
38.59,-24.37,-5.51
39.48,-24.91,-3.62
38.59,-25.81,-3.79
38.05,-24.20,-3.27
40.37,-25.45,-4.13
38.05,-25.63,-3.27
39.30,-24.02,-4.82
38.94,-23.66,-3.44
38.41,-26.35,-4.99
36.98,-24.91,-5.68
38.05,-25.63,-4.65
39.12,-25.99,-4.65
39.48,-23.84,-4.99
39.12,-24.91,-3.96
38.59,-25.45,-5.17
38.23,-24.37,-4.13
39.12,-23.84,-4.65
39.84,-24.55,-3.27
39.48,-24.55,-3.96
38.94,-24.37,-5.51
37.51,-25.81,-3.79
38.76,-24.91,-2.93
38.94,-23.30,-3.10
40.19,-24.20,-4.99
39.66,-24.02,-3.10
38.59,-25.45,-4.13
39.66,-24.37,-5.51
37.51,-26.53,-3.79
38.94,-24.73,-4.48
38.41,-25.99,-3.27
39.30,-26.53,-5.17
39.48,-25.99,-5.68
38.59,-24.37,-3.79
40.01,-24.37,-4.13
38.94,-26.17,-3.44
37.69,-25.27,-5.34
39.48,-25.27,-4.65
39.30,-25.45,-3.79
39.12,-25.27,-4.99
37.87,-26.88,-4.13
39.12,-25.27,-2.24
39.12,-24.55,-2.93
38.94,-24.73,-4.82
38.59,-25.81,-4.13
38.94,-24.73,-5.17
38.76,-24.91,-3.96
38.94,-25.09,-4.48
38.76,-24.55,-4.30
38.76,-24.91,-3.96
38.59,-24.73,-3.79
39.48,-25.99,-4.65
38.41,-25.27,-4.65
39.66,-25.09,-4.48
38.94,-26.17,-5.17
38.59,-26.53,-3.79
39.48,-26.35,-4.65
40.73,-25.81,-4.13
40.01,-25.81,-4.13
39.12,-24.55,-3.27
38.05,-25.27,-4.30
38.59,-24.37,-4.13
39.66,-25.81,-3.10
39.84,-24.55,-4.65
36.98,-24.55,-4.30
39.84,-24.55,-4.99
38.76,-25.63,-3.62
38.94,-24.37,-5.51
38.94,-24.73,-5.17
39.48,-25.63,-2.58
40.37,-24.73,-5.85
38.41,-25.99,-5.34
37.69,-26.35,-2.93
38.94,-25.81,-4.13
37.51,-25.09,-4.48
39.12,-25.99,-4.65
39.66,-25.81,-3.10
38.76,-26.35,-5.34
39.84,-25.27,-4.99
38.41,-25.27,-4.99
38.59,-24.73,-4.48
39.48,-24.20,-4.99
37.87,-24.73,-4.82
39.12,-25.63,-3.96
38.94,-25.09,-2.76
37.51,-24.73,-4.82
38.76,-25.27,-3.62
39.84,-25.27,-4.30
39.48,-24.91,-3.96
38.23,-26.53,-4.48
39.30,-23.66,-3.79
39.48,-24.55,-5.34
39.30,-25.09,-5.17
38.05,-25.63,-4.30
39.12,-25.99,-6.03
39.30,-25.09,-5.17
38.76,-25.27,-3.62
38.76,-25.63,-4.99
38.59,-24.02,-4.13
38.59,-25.45,-3.44
38.94,-25.81,-5.51
39.12,-25.99,-3.27
39.30,-25.81,-3.44
39.30,-25.09,-3.79
39.84,-24.91,-3.62
39.30,-25.45,-2.41
38.94,-25.45,-4.13
38.76,-25.27,-3.27
39.12,-24.55,-3.27
37.69,-26.35,-3.96
38.23,-26.17,-4.82
39.48,-25.99,-3.62
39.30,-25.45,-3.79
39.48,-25.99,-4.30
38.94,-25.09,-3.44
40.19,-25.63,-3.62
37.16,-26.17,-4.13
39.66,-26.88,-4.13
39.12,-25.99,-4.99
39.48,-27.78,-4.99
39.12,-25.99,-3.62
38.41,-25.27,-4.65
38.94,-25.81,-4.82
38.59,-26.53,-4.82
38.94,-25.45,-4.13
38.94,-25.27,-4.30
39.30,-25.81,-4.13
39.12,-25.99,-4.30
38.05,-25.99,-3.27
38.23,-25.09,-3.79
39.66,-24.73,-5.17
40.19,-25.27,-5.68
39.66,-26.53,-4.48
39.66,-24.73,-5.85
38.23,-25.45,-5.17
38.23,-22.94,-4.48
38.76,-25.63,-5.34
40.55,-24.20,-4.99
38.76,-24.55,-3.62
38.41,-24.20,-3.62
39.48,-25.27,-4.65
39.30,-24.02,-4.13
38.41,-24.91,-4.99
38.76,-23.84,-3.27
38.23,-25.09,-4.13
39.48,-24.55,-2.93
39.48,-25.27,-3.27
37.69,-25.27,-3.96
40.01,-24.37,-3.44
38.76,-24.20,-3.96
39.66,-24.02,-5.17
39.66,-25.09,-4.48
38.23,-24.37,-3.44
39.30,-25.09,-5.51
37.69,-23.84,-4.30
38.23,-24.37,-4.48
39.12,-24.91,-4.30
38.76,-25.63,-2.93
38.76,-24.91,-4.65
39.84,-24.91,-4.30
39.48,-25.99,-4.65
37.69,-25.63,-3.96
38.05,-24.91,-2.93
37.87,-26.17,-3.44
38.05,-24.91,-2.93
37.69,-24.91,-3.27
38.41,-25.27,-4.99
37.16,-25.09,-4.82
38.23,-25.45,-4.82
38.23,-26.17,-4.82
39.30,-24.73,-4.82
39.48,-26.35,-3.27
38.76,-25.63,-4.30
38.23,-25.09,-3.79
39.12,-25.99,-3.96
40.01,-25.81,-3.44
38.23,-25.09,-4.48
39.66,-24.02,-4.82
38.05,-23.84,-4.99
37.87,-24.02,-4.82
38.94,-24.73,-4.13
39.66,-24.73,-4.48
37.87,-24.37,-3.79
39.12,-24.91,-3.96
39.30,-24.37,-5.17
38.59,-25.09,-4.82
38.76,-24.20,-3.27
38.05,-24.91,-4.30
38.76,-24.20,-4.65
37.69,-25.27,-4.65
39.30,-23.66,-3.44
38.41,-24.55,-4.65
39.12,-24.91,-4.30
38.94,-24.02,-4.13
38.41,-24.91,-3.96
38.76,-23.84,-4.99
39.30,-24.37,-4.48
38.94,-24.37,-2.76
37.51,-24.02,-4.82
39.30,-24.37,-3.44
39.12,-24.20,-3.96
38.94,-24.37,-4.48
37.87,-25.09,-4.13
36.98,-25.27,-4.30
39.12,-23.84,-5.68
39.48,-25.63,-5.34
38.59,-24.73,-4.48
38.76,-24.91,-5.34
37.69,-25.63,-4.99
39.12,-26.35,-6.37
39.48,-24.55,-4.65
38.94,-24.02,-4.82
38.05,-24.91,-3.96
39.12,-23.48,-4.99
38.05,-24.02,-4.13
37.69,-24.20,-3.96
38.76,-22.40,-3.96
39.12,-24.91,-4.99
39.66,-25.45,-5.17
38.94,-24.73,-3.79
39.12,-25.27,-5.34
38.05,-25.27,-4.99
38.76,-25.27,-5.34
38.05,-24.55,-4.48
39.48,-25.63,-5.34
38.59,-24.02,-3.10
39.84,-24.91,-4.99
39.84,-24.55,-3.27
38.05,-25.27,-3.62
38.05,-24.91,-4.30
38.59,-24.02,-4.48
37.69,-23.84,-5.68
40.37,-26.17,-3.79
37.87,-25.81,-4.48
38.41,-23.12,-4.99
38.94,-25.09,-3.44
37.16,-23.66,-3.44
38.23,-25.09,-5.17
39.48,-24.20,-4.65
37.87,-23.66,-4.82
39.30,-23.30,-5.85
38.05,-24.91,-4.99
38.76,-24.91,-3.96
39.12,-23.48,-5.34
38.41,-24.55,-4.30
38.41,-23.48,-4.65
40.37,-23.66,-5.17
39.12,-25.63,-4.99
39.66,-24.37,-3.44
39.48,-24.91,-4.30
38.94,-24.02,-4.13
37.51,-24.02,-4.48
38.05,-24.91,-4.99
39.48,-25.63,-4.99
38.23,-25.09,-5.51
39.30,-24.73,-4.82
38.41,-25.27,-3.62
37.51,-24.37,-5.51
38.59,-25.09,-3.10
39.12,-24.55,-4.99
38.94,-24.02,-4.82
38.94,-26.17,-5.17
38.59,-24.37,-6.20
40.91,-24.20,-5.34
38.59,-24.02,-4.48
40.19,-25.27,-3.96
38.23,-24.02,-4.13
38.23,-24.37,-4.48
38.59,-23.66,-4.48
39.48,-26.35,-3.62
37.51,-24.02,-3.79
38.94,-25.81,-3.79
38.59,-24.73,-4.48
38.94,-24.37,-5.17
38.76,-24.20,-4.99
38.76,-24.91,-6.03
37.16,-24.37,-7.23
38.41,-25.63,-8.78
38.41,-24.55,-9.13
40.19,-25.27,-10.16
39.66,-27.24,-8.95
39.48,-26.70,-8.78
40.37,-28.32,-9.30
40.73,-29.39,-7.92
40.01,-27.96,-6.89
39.12,-29.57,-7.06
39.84,-28.50,-7.40
39.30,-29.39,-7.23
40.19,-29.57,-7.06
40.55,-29.93,-6.37
39.66,-31.18,-5.17
40.55,-31.36,-3.27
39.48,-30.29,-0.86
40.19,-32.80,2.58
40.37,-36.92,7.23
38.76,-42.12,9.47
36.26,-49.65,14.64
32.15,-56.28,16.53
27.15,-60.58,20.32
23.04,-64.70,21.52
16.43,-68.46,23.42
10.90,-69.00,24.97
4.29,-69.90,26.52
-1.25,-70.43,30.82
-3.75,-68.28,32.89
-5.54,-68.28,33.23
-6.43,-66.67,34.09
-6.43,-68.11,33.75
-8.75,-68.64,32.54
-10.18,-69.00,31.86
-9.29,-70.26,31.68
-9.29,-69.54,32.72
-8.93,-70.61,29.96
-7.50,-72.76,28.24
-6.43,-73.84,26.52
-5.54,-76.17,22.56
-3.75,-75.81,21.52
-3.39,-77.60,20.49
-3.75,-75.09,22.56
-3.57,-75.99,20.66
-3.75,-76.89,20.49
-1.25,-75.45,21.52
-2.50,-76.71,22.39
-1.61,-77.25,21.18
-3.75,-76.89,21.18
-1.43,-75.27,20.66
-2.32,-77.25,22.56
-1.61,-75.81,21.52
-1.61,-75.45,20.84
-3.57,-76.35,22.39
-1.43,-75.63,21.70
-2.68,-76.17,22.21
-1.43,-76.71,21.01
-1.61,-77.96,20.15
-3.22,-75.99,20.32
-2.14,-75.63,19.63
-3.22,-77.42,21.70
-1.61,-76.53,20.84
-1.43,-75.27,21.35
-3.22,-76.35,20.84
-1.43,-76.71,21.01
-1.61,-77.25,20.15
-0.71,-76.71,18.60
1.97,-75.09,19.80
8.22,-76.71,18.94
15.01,-70.61,19.63
21.26,-65.42,18.08
29.30,-59.50,19.97
34.66,-52.33,15.15
37.16,-46.96,12.40
39.12,-40.68,9.47
40.37,-35.84,7.23
38.59,-27.96,-1.03
39.12,-26.35,-2.24
40.19,-24.91,-4.99
38.59,-23.66,-5.85
39.66,-24.73,-6.20
38.76,-23.84,-7.06
40.37,-25.45,-6.54
40.01,-27.24,-5.51
38.76,-25.99,-6.37
39.66,-23.30,-7.23
39.12,-25.27,-7.40
39.12,-25.63,-7.23
39.30,-25.45,-5.85
38.76,-25.27,-7.75
38.94,-24.73,-7.58
38.76,-24.20,-6.37
39.12,-24.55,-5.34
38.94,-24.02,-6.89
39.48,-25.27,-5.34
39.48,-24.91,-7.40
39.48,-24.55,-6.03
39.48,-24.91,-7.06
38.41,-23.84,-6.03
39.12,-24.91,-5.68
38.76,-24.20,-7.40
38.76,-24.20,-5.68
39.66,-24.73,-6.89
39.84,-26.35,-7.06
39.30,-25.09,-6.20
39.48,-25.99,-6.72
38.41,-24.55,-6.72
38.59,-25.09,-7.23
38.94,-26.17,-7.23
39.84,-25.63,-4.30
39.30,-25.45,-3.96
39.48,-26.70,-3.27
39.30,-26.17,-4.99
38.41,-25.63,-3.62
40.01,-26.88,-2.41
37.87,-26.53,-3.10
38.59,-26.53,-2.07
38.94,-26.53,-4.13
41.27,-26.35,-3.62
39.12,-26.35,-2.58
39.66,-26.17,-3.44
40.01,-25.45,-4.13
39.84,-27.78,-6.03
39.12,-27.42,-6.03
39.84,-27.78,-10.16
40.37,-29.75,-9.64
40.01,-29.39,-9.64
39.66,-27.60,-8.95
40.19,-28.86,-9.13
40.19,-28.50,-8.09
40.19,-29.93,-8.09
38.41,-27.78,-8.44
40.01,-29.75,-7.23
40.19,-29.93,-6.03
40.55,-30.29,-2.58
40.37,-30.47,1.03
40.91,-33.16,2.58
39.84,-34.23,4.99
38.59,-36.56,8.61
39.30,-40.50,12.40
35.91,-42.12,13.95
36.80,-44.45,16.19
35.37,-49.82,17.56
33.76,-50.72,19.11
31.80,-53.77,19.97
28.40,-53.95,21.18
27.69,-57.17,21.87
26.97,-57.17,22.56
21.97,-62.19,23.94
20.19,-63.27,24.97
18.76,-65.78,23.94
14.29,-66.67,26.86
13.40,-67.21,26.00
8.75,-67.93,26.69
8.57,-69.54,27.55
5.36,-70.26,27.21
2.50,-72.05,27.55
0.00,-72.05,28.93
-0.89,-71.15,28.41
-0.54,-71.15,28.76
-1.61,-71.51,26.00
-0.71,-71.33,28.58
-0.18,-72.59,26.69
-1.07,-73.48,28.24
-2.68,-72.59,28.76
-2.50,-72.05,29.62
-3.93,-72.41,28.58
-2.68,-74.02,26.52
-2.14,-73.12,26.86
-2.32,-73.66,27.55
-2.32,-72.94,26.69
-1.79,-73.48,27.21
-3.04,-73.30,25.31
-3.22,-73.84,26.86
-4.29,-73.84,27.21
-4.64,-73.48,25.83
-3.75,-74.38,24.97
-5.18,-75.09,25.66
-5.36,-74.20,26.17
-5.90,-73.30,24.28
-3.75,-73.66,26.00
-5.36,-74.20,26.52
-3.93,-74.92,25.14
-4.11,-74.74,25.66
-4.64,-75.27,26.52
-4.29,-74.92,25.14
-3.22,-75.27,24.80
-2.68,-75.81,22.56
-2.32,-75.81,22.21
-3.39,-76.53,23.94
-2.86,-75.99,20.32
-2.32,-76.89,20.15
-3.22,-76.71,18.94
-1.25,-77.25,19.11
-0.54,-77.25,18.42
-2.14,-78.50,18.60
-2.32,-77.96,18.94
-2.32,-77.96,17.74
-2.68,-78.32,19.11
-2.50,-78.14,18.25
-2.50,-78.14,17.91
-1.61,-78.32,17.74
-1.25,-78.68,18.08
-1.43,-76.35,19.29
-1.79,-77.78,19.63
-1.25,-76.89,17.74
-1.79,-78.86,18.60
-1.43,-76.71,17.91
-1.79,-77.78,17.56
-0.71,-78.50,17.22
-1.61,-79.40,18.08
-1.07,-77.07,17.91
-1.79,-79.22,16.88
-2.14,-79.22,17.56
-0.54,-78.68,17.74
-0.71,-78.50,18.94
-1.61,-79.04,17.74
-1.61,-78.68,18.42
-1.61,-76.53,16.36
-1.79,-78.86,18.94
-1.07,-78.14,18.25
-1.79,-78.86,18.25
-1.07,-79.22,17.91
-2.14,-78.50,17.22
-1.61,-78.32,16.01
-0.54,-78.32,18.08
-2.32,-77.25,16.70
-1.43,-78.14,18.25
-1.79,-78.86,18.25
-2.86,-76.71,17.22
-1.07,-79.93,17.22
-1.79,-78.86,17.22
-3.04,-79.75,15.67
-1.97,-77.60,15.67
-1.79,-77.25,17.74
-1.07,-78.86,16.53
-3.04,-78.32,17.05
-2.50,-78.68,17.74
-2.50,-77.42,16.88
-1.97,-79.04,16.01
-2.50,-77.07,16.19
0.18,-76.71,17.91
3.39,-78.32,15.33
10.36,-77.07,13.43
19.83,-72.59,11.54
27.69,-66.85,10.85
31.44,-60.94,9.99
36.26,-54.66,10.16
38.94,-49.11,7.23
38.94,-46.06,8.44
39.12,-38.53,8.44
39.66,-32.62,5.85
39.84,-28.14,3.96
38.41,-25.27,1.55
38.94,-25.81,-1.38
38.23,-25.45,-0.34
37.87,-24.37,-1.03
38.05,-25.99,-2.58
38.41,-24.37,-3.10
38.59,-24.37,-5.51
39.12,-24.55,-4.99
39.30,-24.73,-3.79
38.94,-25.09,-6.20
38.94,-24.73,-5.51
38.76,-24.91,-4.65
39.30,-24.73,-4.82
39.66,-25.45,-4.48
38.41,-25.99,-4.99
39.30,-24.73,-4.48
37.69,-24.20,-5.34
39.12,-24.20,-4.99
39.84,-24.20,-4.30
38.94,-25.45,-3.79
39.12,-25.27,-5.34
38.59,-25.81,-5.17
38.59,-24.73,-4.13
39.30,-24.73,-4.82
37.69,-24.20,-4.30
38.59,-25.45,-3.79
39.30,-25.81,-4.82
38.05,-25.27,-3.96
40.37,-25.81,-4.82
38.94,-25.45,-4.82
38.23,-25.45,-4.82
40.55,-24.91,-4.65
39.12,-25.27,-4.99
37.87,-26.53,-3.79
39.48,-26.35,-6.37
40.37,-26.53,-4.82
38.23,-25.09,-4.48
39.12,-25.63,-4.99
40.55,-26.35,-4.99
39.66,-25.09,-6.20
39.30,-25.45,-9.30
39.48,-25.63,-7.40
40.19,-27.78,-7.40
38.41,-26.70,-7.40
38.94,-27.24,-10.33
40.01,-29.03,-11.02
38.76,-29.93,-9.82
40.01,-28.32,-9.99
40.37,-28.68,-11.36
40.55,-29.57,-8.78
39.66,-29.39,-8.27
40.01,-27.24,-8.61
40.37,-29.39,-6.20
39.12,-30.29,-3.27
40.19,-31.36,-0.52
39.66,-35.84,5.85
38.41,-39.97,7.40
36.80,-45.16,11.71
33.23,-51.62,16.53
30.55,-59.32,16.70
26.97,-61.83,18.77
21.97,-65.78,19.46
19.11,-67.21,20.84
14.11,-71.51,21.18
11.08,-72.41,22.73
7.86,-73.48,23.07
4.29,-73.12,24.80
-0.18,-73.48,26.52
-5.18,-74.38,24.62
-7.50,-73.48,28.24
-7.32,-72.23,29.79
-7.86,-72.76,28.24
-8.04,-73.30,28.76
-8.93,-73.48,27.21
-8.22,-73.12,26.52
-9.65,-74.92,25.14
-9.47,-73.66,24.97
-8.93,-72.41,25.83
-8.57,-76.35,22.04
-7.15,-76.35,21.01
-6.61,-77.60,19.46
-5.18,-76.89,19.11
-3.75,-78.68,18.77
-3.22,-78.14,18.94
-4.29,-78.50,17.56
-2.14,-78.86,15.84
-2.14,-78.14,17.91
-3.04,-78.32,18.42
-2.50,-78.50,17.91
-1.61,-78.68,18.42
-2.14,-78.14,18.60
-2.14,-78.50,17.56
-3.04,-77.96,18.77
-3.22,-77.78,17.56
-2.14,-76.71,17.56
-3.04,-79.04,18.77
-2.68,-77.60,18.42
-3.57,-79.58,16.53
-2.86,-78.14,16.53
-2.86,-77.42,17.22
-2.68,-77.25,17.05
-2.14,-76.35,16.53
-1.43,-78.50,16.88
-1.61,-78.32,17.39
-2.50,-77.78,16.53
-3.39,-79.04,17.74
-3.75,-77.60,17.05
-3.04,-78.68,16.01
-2.68,-79.75,16.36
-2.32,-78.68,16.36
-1.25,-79.04,16.70
-1.61,-79.04,16.70
-1.97,-79.40,16.01
-2.32,-79.40,17.05
-0.54,-80.11,14.64
-1.07,-78.32,15.33
-0.18,-78.68,13.95
-1.61,-78.32,14.98
-1.25,-77.60,13.26
-1.25,-79.40,16.01
-1.79,-78.86,15.50
-0.89,-77.96,17.05
-0.89,-79.75,15.67
-1.79,-78.86,15.84
4.29,-76.71,15.15
5.90,-77.25,16.01
13.40,-72.94,15.67
17.33,-70.79,15.67
21.97,-69.00,15.33
28.40,-63.98,13.95
33.58,-57.35,13.78
35.73,-51.97,11.36
38.23,-46.24,9.99
38.05,-42.12,9.82
37.87,-33.34,8.27
39.48,-30.65,6.72
39.66,-27.60,6.89
39.12,-26.35,2.93
37.87,-24.37,2.41
38.05,-22.04,1.21
37.34,-22.40,-0.17
38.59,-25.09,-1.03
39.12,-24.20,-2.24
38.05,-23.48,0.17
37.51,-23.66,0.00
38.41,-24.20,-0.17
39.66,-24.37,0.00
39.30,-23.66,-0.69
38.94,-24.02,0.69
37.87,-23.66,-0.69
37.87,-25.09,-1.38
38.94,-23.66,-2.76
37.87,-24.73,-2.76
39.30,-25.81,-3.79
39.48,-25.27,-4.30
38.59,-25.09,-4.82
39.12,-24.91,-3.27
37.87,-24.37,-3.79
38.76,-24.91,-3.96
37.87,-25.81,-4.48
38.59,-24.02,-3.79
39.12,-25.63,-3.96
38.94,-24.37,-1.03
39.30,-24.73,-3.10
38.59,-24.73,-3.10
37.87,-26.17,-4.82
39.30,-24.02,-1.03
39.30,-25.09,-3.44
38.05,-24.55,-2.93
39.12,-24.91,-1.89
37.69,-24.55,-3.27
39.30,-25.45,-6.20
39.30,-26.17,-7.92
40.55,-27.78,-11.88
40.01,-29.03,-11.02
39.48,-28.50,-9.47
39.66,-27.24,-8.95
39.48,-28.50,-8.44
39.30,-29.39,-8.61
40.73,-28.68,-8.95
38.76,-28.50,-6.37
39.84,-28.86,-3.27
38.94,-27.60,-4.82
40.37,-27.60,-5.85
39.66,-28.32,-5.17
39.48,-29.21,-2.58
40.37,-31.18,0.34
40.37,-34.77,4.82
40.19,-36.02,7.75
35.91,-40.68,11.54
35.55,-47.85,14.29
34.48,-51.44,16.70
28.76,-59.68,19.11
22.87,-64.16,20.32
17.15,-67.39,20.49
15.54,-70.08,21.87
8.75,-67.93,27.72
4.64,-68.11,29.27
-2.50,-69.18,32.03
-5.00,-66.67,32.37
-4.64,-67.75,33.06
-6.25,-67.93,34.27
-6.43,-69.18,31.68
-7.32,-69.00,31.86
-6.97,-68.28,31.17
-8.75,-70.08,31.51
-6.07,-68.46,31.00
-6.79,-70.26,30.65
-8.40,-70.43,31.86
-5.00,-68.46,30.31
-5.54,-70.43,29.10
-4.29,-72.05,29.62
-6.07,-70.26,29.96
-5.72,-70.97,29.96
-4.64,-73.48,27.90
-5.00,-73.48,26.52
-3.75,-74.02,25.31
-1.79,-75.27,23.42
-1.07,-73.84,23.76
-0.89,-75.09,22.90
0.54,-75.09,22.90
-0.36,-74.56,24.11
0.00,-75.27,23.76
-0.54,-75.09,23.94
0.36,-74.92,22.04
0.54,-76.17,23.59
0.00,-74.20,22.39
-0.36,-74.56,23.76
1.43,-74.92,22.73
0.54,-76.53,22.90
-0.54,-75.45,22.90
0.36,-75.63,21.01
0.71,-75.63,21.35
-0.54,-75.09,22.21
0.89,-76.17,21.18
1.61,-75.81,21.87
0.00,-74.56,21.35
0.71,-75.99,20.66
0.36,-76.71,20.66
0.54,-76.17,20.84
1.25,-76.17,21.18
1.07,-75.99,21.01
0.54,-77.25,20.49
0.00,-75.99,21.35
0.71,-75.63,22.04
1.43,-75.27,21.01
0.54,-75.09,20.84
0.71,-77.07,20.32
0.89,-76.17,21.18
0.71,-76.35,22.04
0.18,-76.53,21.18
0.71,-75.99,19.29
0.36,-75.27,20.66
2.32,-74.38,20.49
8.75,-73.30,21.87
18.04,-66.85,22.90
32.15,-51.26,20.32
34.66,-45.88,16.88
37.34,-34.95,14.98
36.26,-29.57,9.13
37.51,-24.73,7.23
37.34,-23.84,5.68
37.87,-22.94,3.79
35.91,-22.76,1.21
38.41,-22.04,-1.55
36.80,-22.58,-1.03
37.51,-23.66,-2.41
38.41,-23.84,-0.86
38.23,-23.66,-1.38
38.94,-23.66,-1.38
38.23,-24.02,-3.10
37.51,-22.58,-4.13
39.84,-23.48,-2.24
37.51,-23.66,-2.41
37.69,-22.76,-2.58
38.23,-22.94,-3.44
38.76,-23.84,-1.72
38.59,-24.02,-3.44
39.12,-23.48,-2.58
36.98,-23.48,-2.93
39.48,-23.48,-2.24
38.23,-24.37,-2.41
38.23,-21.87,-3.10
38.05,-23.12,-1.89
38.23,-24.02,-4.48
38.94,-22.22,-3.10
39.48,-22.04,-4.30
36.62,-22.76,-1.55
39.30,-23.30,-2.76
38.41,-22.04,-3.62
39.48,-24.20,-2.24
38.59,-23.30,-3.10
38.41,-23.12,-2.24
38.23,-24.73,-2.76
37.87,-23.66,-3.10
38.76,-22.76,-3.62
36.62,-23.12,-2.58
38.05,-22.76,-2.24
39.84,-23.48,-3.96
37.87,-23.66,-3.10
39.84,-23.84,-2.93
38.05,-23.84,-3.27
40.19,-24.55,-1.21
38.59,-25.09,-1.03
39.30,-24.37,-3.10
37.69,-25.27,-5.17
40.55,-28.14,-8.09
40.37,-30.47,-10.33
41.62,-31.72,-7.75
41.80,-31.54,-7.92
41.09,-30.83,-6.20
40.37,-28.68,-7.23
41.80,-29.75,-6.20
40.73,-31.90,-5.17
40.73,-32.26,-3.44
41.98,-35.67,0.17
39.84,-38.17,2.58
39.84,-43.91,6.03
36.98,-50.36,12.57
30.37,-57.71,15.15
25.72,-63.80,18.25
20.72,-69.18,19.97
15.54,-69.72,21.52
8.22,-72.76,23.42
1.79,-74.92,22.39
-1.97,-75.09,24.97
-3.57,-73.48,25.83
-5.00,-72.41,26.86
-7.15,-71.69,28.24
-7.50,-71.69,27.55
-6.43,-71.69,27.90
-5.36,-73.12,26.86
-5.54,-74.74,26.69
-3.93,-73.48,27.21
-3.57,-73.84,26.86
-6.97,-75.09,25.66
-5.54,-74.38,24.62
-5.00,-74.92,24.11
-2.68,-76.17,21.52
-1.79,-75.99,22.39
-2.50,-76.71,19.29
-2.50,-76.71,19.97
-3.22,-76.35,19.97
-1.61,-76.53,18.42
-1.07,-77.78,18.25
-1.25,-78.32,17.05
-0.18,-77.60,17.05
0.54,-77.60,14.29
0.54,-78.32,17.74
-0.36,-79.22,15.84
-0.71,-79.22,15.50
-0.54,-80.11,14.29
0.71,-77.42,16.19
-1.25,-79.04,15.67
-1.79,-78.86,15.15
-1.43,-78.86,15.84
0.00,-77.78,15.84
-0.18,-77.96,16.01
0.18,-78.68,15.67
1.97,-79.40,17.05
-0.18,-78.68,15.33
0.54,-79.04,15.67
0.36,-78.50,15.84
-1.43,-78.50,16.88
45.02,-79.22,15.50
-0.54,-77.96,14.29
-0.89,-78.32,15.67
0.36,-78.14,15.15
1.43,-78.14,16.53
0.71,-78.86,17.91
-0.36,-79.58,16.53
-0.18,-78.68,16.01
0.36,-79.22,16.88
0.36,-78.50,15.84
0.36,-77.42,17.56
1.79,-79.22,16.19
0.54,-77.96,14.98
2.14,-76.35,15.84
4.82,-77.96,14.64
10.36,-76.35,12.74
11.61,-74.38,13.26
17.33,-73.30,11.54
22.15,-70.61,12.05
26.44,-66.31,11.02
30.37,-60.94,11.71
34.66,-55.56,11.02
36.08,-51.62,10.68
38.59,-44.45,11.36
37.69,-39.25,10.50
38.41,-33.16,10.50
37.87,-30.11,8.27
38.23,-26.53,4.82
37.34,-23.84,2.93
38.05,-26.35,2.58
39.84,-25.27,3.27
37.87,-24.02,3.10
38.41,-20.97,1.55
37.16,-20.79,2.07
37.51,-19.71,0.34
38.59,-21.87,-0.69
37.34,-21.69,0.52
36.62,-21.69,0.86
38.05,-21.69,-1.55
37.16,-20.79,-0.69
38.23,-21.87,-1.38
37.69,-21.69,-0.52
37.69,-21.33,-0.86
36.80,-21.87,-1.03
37.34,-22.40,-1.21
38.05,-22.76,-0.52
36.98,-23.12,-1.89
38.23,-22.58,-2.07
38.41,-22.04,-2.93
37.51,-24.73,-3.10
39.48,-23.84,-2.24
39.48,-24.55,-2.93
38.59,-26.17,-3.44
38.41,-24.20,-5.34
39.30,-24.02,-3.79
38.76,-24.91,-3.62
38.23,-23.30,-4.82
38.41,-24.55,-4.30
39.48,-24.55,-3.96
39.66,-25.45,-4.13
37.34,-25.63,-3.62
39.84,-24.55,-4.65
40.19,-23.84,-3.62
38.05,-24.20,-3.96
38.94,-25.81,-2.76
38.76,-24.55,-2.93
39.48,-25.99,-3.62
38.41,-24.55,-2.58
38.59,-24.73,-3.10
38.23,-24.02,-4.13
39.66,-23.66,-3.10
38.41,-23.66,-3.79
38.76,-23.48,-3.96
37.69,-23.84,-2.93
39.48,-24.20,-2.24
38.59,-24.73,-3.79
39.48,-23.84,-3.96
39.84,-23.48,-3.96
38.23,-23.66,-5.17
38.59,-24.73,-3.79
39.48,-24.20,-3.96
37.69,-24.20,-4.65
38.94,-24.73,-4.13
38.76,-23.48,-3.27
38.76,-23.84,-3.44
39.12,-23.48,-4.65
38.76,-23.48,-3.62
39.66,-24.37,-4.82
39.30,-26.17,-3.44
39.30,-26.17,-3.79
39.30,-24.73,-4.82
39.84,-27.06,-2.24
38.59,-27.24,-3.10
38.94,-25.27,-3.96
39.84,-24.91,-3.62
40.37,-26.17,-3.79
39.12,-27.42,-2.58
39.84,-27.06,-4.65
38.59,-26.88,-2.76
39.66,-26.88,-5.17
40.91,-25.63,-3.96
38.94,-26.53,-3.44
39.30,-26.17,-3.44
40.55,-26.70,-3.79
40.01,-26.17,-3.10
38.76,-26.70,-3.96
38.59,-25.81,-4.13
41.09,-25.81,-5.51
39.66,-27.24,-4.13
39.66,-26.70,-5.34
39.84,-27.78,-3.62
40.19,-27.06,-4.99
38.41,-25.63,-4.30
38.94,-26.53,-5.17
38.94,-26.88,-4.13
40.01,-25.45,-4.82
40.01,-26.17,-4.82
38.94,-27.24,-5.17
39.30,-25.81,-4.48
39.48,-26.70,-4.65
38.41,-27.06,-4.99
40.37,-25.45,-5.51
39.30,-26.17,-3.79
38.41,-26.35,-4.30
40.55,-26.35,-4.30
38.76,-26.70,-4.65
38.41,-25.99,-4.65
38.76,-25.99,-4.65
38.76,-25.99,-4.99
38.76,-27.78,-1.89
39.12,-26.70,-3.62
38.23,-27.24,-4.13
39.84,-25.99,-3.96
38.59,-25.09,-3.79
39.30,-25.45,-4.48
39.84,-27.42,-6.03
39.30,-25.81,-4.13
40.91,-24.91,-3.96
38.76,-26.35,-3.96
40.37,-26.17,-3.44
39.12,-27.78,-4.65
39.48,-26.35,-4.65
37.51,-26.17,-5.51
38.94,-25.45,-3.79
39.12,-25.99,-3.62
38.76,-27.06,-3.62
39.30,-27.24,-4.13
37.87,-26.17,-4.82
38.23,-26.88,-3.79
38.76,-27.06,-3.96
38.94,-27.24,-4.13
39.48,-26.35,-4.30
39.12,-26.35,-4.99
39.48,-27.42,-3.96
38.23,-24.73,-5.17
39.66,-25.81,-4.82
38.76,-24.91,-4.99
39.66,-26.17,-4.82
38.76,-24.91,-3.62
40.19,-26.70,-4.99
39.84,-24.91,-4.30
40.19,-27.06,-4.30
39.48,-28.14,-4.30
40.01,-25.45,-5.17
40.01,-27.24,-3.79
39.30,-26.70,-4.99
39.48,-25.63,-3.62
39.84,-26.70,-4.99
39.12,-26.70,-3.96
38.76,-27.06,-4.30
40.37,-25.81,-5.85
41.27,-26.35,-6.37
39.30,-25.45,-3.79
39.48,-25.99,-4.30
39.66,-26.53,-5.51
39.48,-26.35,-3.62
40.19,-25.27,-3.62
40.19,-24.91,-4.30
39.12,-25.27,-5.34
39.30,-26.53,-3.10
39.48,-27.06,-3.27
39.12,-24.55,-4.30
40.19,-26.35,-5.34
39.12,-27.06,-4.30
39.84,-25.63,-4.65
39.48,-25.27,-4.30
38.76,-24.91,-3.96
40.37,-25.45,-4.13
40.19,-25.99,-2.93
39.30,-26.53,-4.48
39.12,-25.99,-4.30
38.94,-25.81,-5.17
39.48,-26.35,-4.30
38.59,-26.88,-3.79
39.30,-26.88,-4.13
39.66,-27.60,-3.79
38.76,-24.91,-4.65
40.55,-24.20,-4.65
39.66,-26.88,-4.48
39.48,-26.70,-4.30
38.94,-25.81,-3.44
39.66,-25.81,-4.13
41.09,-25.81,-4.13
38.76,-25.63,-4.30
40.01,-26.88,-3.44
39.12,-25.63,-6.37
38.59,-25.09,-4.13
38.94,-27.60,-4.13
38.94,-26.53,-3.10
38.59,-26.70,-4.65
38.94,-26.17,-3.79
39.12,-25.27,-2.93
39.84,-24.91,-3.27
39.30,-25.09,-3.79
39.30,-24.02,-4.48
40.01,-25.09,-2.76
39.12,-25.27,-3.62
39.30,-26.17,-3.79
39.12,-25.99,-4.65
38.59,-26.53,-3.44
39.84,-25.99,-4.13
38.76,-25.27,-4.65
39.12,-25.27,-4.30
39.48,-25.27,-4.99
39.84,-26.70,-4.30
38.05,-25.99,-3.62
37.87,-26.53,-4.13
38.76,-26.35,-3.27
38.41,-25.63,-3.96
38.59,-26.17,-3.79
39.66,-25.81,-5.51
39.12,-25.99,-4.99
39.66,-25.09,-4.48
39.12,-24.55,-3.27
39.12,-27.06,-3.96
39.30,-25.45,-3.96
38.41,-24.91,-3.27
39.66,-26.53,-3.44
39.66,-24.73,-4.48
38.94,-25.81,-5.85
38.41,-25.27,-4.30
39.84,-26.35,-4.30
39.48,-24.55,-4.99
39.48,-25.99,-4.30
38.41,-26.35,-4.30
39.12,-25.99,-4.65
40.01,-25.09,-4.82
39.66,-26.88,-3.79
38.59,-25.45,-4.13
39.48,-24.91,-3.27
42.16,-25.81,-4.82
40.19,-24.20,-3.62
38.94,-27.24,-4.13
38.23,-24.73,-4.82
40.19,-25.63,-3.62
39.48,-24.55,-4.65
39.84,-24.91,-3.62
40.37,-25.09,-4.13
38.94,-25.81,-3.44
38.59,-25.81,-3.79
40.19,-25.63,-4.65
39.48,-25.99,-2.93
38.23,-26.17,-3.79
38.94,-24.73,-2.41
39.30,-26.53,-4.48
38.41,-24.91,-4.30
40.01,-24.02,-2.41
38.76,-24.91,-3.96
39.48,-25.63,-2.93
39.48,-24.20,-4.65
39.66,-26.17,-4.13
40.01,-26.17,-3.44
39.66,-25.09,-4.13
39.30,-25.81,-4.13
37.69,-26.35,-3.96
38.76,-25.99,-4.65
40.01,-25.81,-4.48
39.66,-24.73,-3.44
38.76,-25.63,-4.30
38.94,-26.53,-4.13
39.48,-25.63,-3.96
38.76,-25.63,-4.65
39.66,-25.81,-3.79
38.23,-26.17,-4.13
39.12,-26.35,-2.58
37.69,-25.27,-3.27
38.94,-26.70,-4.30
38.94,-26.88,-3.44
38.05,-25.99,-3.62
39.84,-25.63,-3.96
38.59,-25.81,-2.76
39.84,-26.70,-4.30
39.84,-24.91,-4.30
39.12,-24.91,-3.96
37.51,-24.73,-3.44
38.59,-26.53,-4.82
37.87,-24.37,-4.13
38.23,-26.88,-4.82
38.41,-25.27,-2.93
39.48,-26.70,-2.58
40.37,-25.45,-4.82
40.19,-25.63,-3.62
38.94,-25.81,-4.82
38.76,-25.63,-3.62
39.12,-25.63,-4.30
39.84,-25.99,-4.30
40.37,-25.81,-3.79
40.19,-25.63,-5.34
40.19,-24.20,-3.96
38.94,-25.09,-3.44
38.23,-25.45,-4.13
40.19,-26.35,-5.34
38.41,-25.99,-2.58
39.30,-25.81,-3.79
40.73,-25.45,-4.13
38.76,-24.91,-4.30
38.05,-24.91,-3.96
39.84,-26.70,-4.65
40.55,-24.91,-2.93
38.94,-25.81,-3.44
39.48,-24.91,-4.30
40.37,-25.09,-4.82
38.76,-25.63,-3.62
39.84,-24.91,-3.96
38.94,-25.09,-1.72
38.76,-25.63,-4.65
38.59,-26.53,-4.48
38.59,-26.53,-2.76
39.30,-26.17,-3.79
38.94,-25.45,-3.79
39.30,-26.53,-4.82
39.12,-26.70,-3.96
38.76,-24.91,-4.30
39.48,-27.06,-4.30
38.76,-27.06,-3.96
39.12,-25.63,-4.30
40.73,-25.81,-3.79
38.59,-25.81,-3.10
39.30,-26.88,-4.48
39.30,-25.45,-4.13
39.12,-25.99,-4.30
40.73,-26.17,-4.48
39.30,-25.81,-3.79
38.41,-24.20,-4.99
37.34,-25.63,-3.96
40.37,-24.73,-4.13
38.59,-25.45,-5.17
39.12,-24.91,-4.30
39.84,-25.99,-3.27
39.12,-25.27,-3.27
39.12,-25.99,-5.34
39.84,-24.55,-3.62
38.23,-26.17,-3.79
40.55,-25.27,-3.62
39.12,-25.63,-4.30
38.94,-24.37,-3.79
39.12,-25.63,-2.93
38.59,-25.09,-5.17
39.48,-25.27,-4.99
38.94,-24.73,-4.48
39.84,-26.35,-3.62
39.48,-24.20,-3.96
40.01,-25.81,-3.79
39.84,-26.70,-2.58
40.01,-25.45,-3.10
37.16,-25.09,-3.79
38.94,-24.73,-4.48
39.12,-24.55,-5.34
39.30,-25.45,-2.41
39.12,-25.99,-2.93
39.12,-26.35,-4.65
39.30,-25.81,-4.13
39.30,-25.09,-3.44
38.76,-25.63,-4.30
38.94,-25.45,-4.48
39.66,-24.73,-2.76
38.59,-25.45,-3.44
39.12,-26.70,-4.65
38.76,-24.55,-3.27
39.84,-25.63,-4.65
39.66,-24.73,-3.44
40.37,-25.45,-5.51
37.87,-25.09,-4.48
38.76,-25.27,-3.62
38.59,-25.81,-3.10
38.94,-24.73,-2.76
39.12,-24.20,-3.27
38.41,-24.91,-4.30
39.84,-25.99,-3.96
38.94,-25.81,-3.79
39.66,-25.81,-4.48
38.94,-25.45,-4.48
39.84,-25.27,-3.62
38.59,-25.81,-3.79
38.94,-24.73,-4.48
39.48,-27.06,-2.93
38.23,-26.53,-4.48
38.41,-25.63,-3.96
39.84,-24.91,-3.27
37.69,-25.27,-3.62
39.48,-25.27,-4.30
38.05,-26.35,-3.62
38.41,-25.99,-4.30
39.12,-25.99,-4.30
39.30,-25.09,-4.13
39.30,-26.53,-4.48
38.76,-25.27,-3.96
39.12,-25.27,-4.30
41.44,-26.53,-4.13
39.66,-25.09,-4.48
36.08,-56.28,1.38
35.91,-56.10,-0.86
35.91,-55.74,-0.52
35.73,-55.92,1.03
35.37,-54.13,0.69
36.26,-54.66,-0.52
36.62,-55.02,-0.52
36.80,-55.20,2.41
37.16,-53.77,1.72
36.26,-53.59,1.55
35.73,-55.92,-0.34
34.48,-55.38,1.21
35.19,-54.66,1.89
36.80,-54.48,0.00
37.34,-54.30,1.21
37.34,-52.87,0.17
36.26,-53.23,0.52
36.08,-53.41,0.69
37.87,-54.13,1.03
35.73,-53.77,0.34
36.80,-54.48,1.21
36.98,-55.74,0.17
36.98,-53.23,0.52
36.80,-52.33,1.03
37.51,-53.77,-0.69
37.16,-54.48,1.38
36.26,-52.51,-2.93
36.80,-54.84,-1.03
36.62,-53.59,-1.21
36.98,-52.87,0.17
36.62,-52.87,-0.52
37.34,-53.95,-0.86
36.98,-54.30,-1.55
36.26,-53.59,-1.89
34.83,-55.02,-0.86
36.62,-56.10,1.21
36.62,-54.66,-2.24
35.73,-54.84,-0.69
35.19,-57.17,-1.21
33.94,-55.56,-3.10
34.30,-55.20,-2.07
36.80,-55.92,-3.10
36.08,-55.56,-3.79
34.83,-54.66,-2.93
36.08,-55.20,-1.72
36.80,-55.92,-1.72
36.62,-54.66,-1.55
36.44,-54.13,-1.72
35.37,-53.41,-2.24
36.98,-53.95,-1.55
36.62,-53.59,-0.86
37.34,-52.87,-0.52
36.80,-52.69,-1.03
36.80,-53.41,0.34
37.34,-53.95,-0.86
37.16,-52.33,-1.72
36.80,-52.69,-1.03
36.08,-53.05,0.00
36.80,-53.77,-0.34
36.80,-53.05,-1.72
36.80,-53.05,-0.69
36.26,-53.95,-2.58
36.26,-53.23,0.17
37.69,-53.59,-1.55
36.08,-55.56,0.69
36.26,-53.23,-0.17
36.98,-52.87,-1.55
36.44,-55.56,-3.10
37.16,-54.84,-2.76
38.05,-53.95,-2.58
36.98,-55.02,-1.21
36.80,-54.13,-1.72
37.69,-53.23,-2.58
36.98,-52.51,-1.89
37.51,-54.13,-0.34
36.98,-54.66,-0.52
36.62,-54.66,0.17
38.59,-53.05,-1.72
37.69,-53.23,-0.86
36.80,-54.13,-2.07
35.55,-53.59,0.17
37.16,-53.05,-0.34
35.55,-55.38,-0.17
37.87,-55.20,0.34
36.98,-55.02,0.86
36.80,-54.84,0.34
36.08,-55.20,-0.34
36.62,-53.95,-1.55
36.80,-54.48,-0.69
36.44,-54.13,-1.72
36.08,-53.05,0.00
36.98,-55.38,-1.21
36.80,-54.48,-1.03
36.62,-53.59,0.17
35.91,-55.02,-1.89
36.44,-53.77,-1.38
35.55,-54.30,-1.55
37.34,-54.66,-0.17
36.08,-53.77,0.00
37.87,-54.13,-1.38
36.08,-54.84,0.00
34.30,-53.77,0.00
36.80,-54.48,0.34
37.16,-53.41,-1.38
37.34,-54.66,-0.52
36.62,-52.51,-1.21
36.62,-54.66,1.55
35.37,-54.48,0.69
36.62,-55.38,0.17
34.83,-56.10,-0.17
35.73,-54.48,1.03
36.26,-54.66,0.17
36.08,-55.20,0.69
35.73,-53.77,0.34
36.26,-53.59,1.55
37.34,-53.95,-0.52
36.62,-54.30,-0.86
35.19,-54.30,-0.86
35.73,-54.48,-0.34
37.16,-53.05,-0.69
35.55,-53.95,0.52
36.98,-55.02,1.89
36.80,-53.05,-0.34
36.44,-55.20,0.00
36.26,-55.02,-0.17
36.62,-54.66,0.86
36.98,-53.95,-1.89
36.08,-55.92,1.03
35.91,-55.74,-1.21
35.19,-56.46,-0.17
36.98,-55.02,-0.17
35.73,-56.63,-1.03
36.26,-55.38,-1.55
35.01,-56.28,-1.72
34.83,-55.02,-0.17
37.16,-56.99,-1.72
35.91,-56.10,-1.21
36.62,-55.38,-1.89
35.19,-56.46,-2.58
35.37,-56.28,-1.38
35.73,-55.92,-1.03
36.26,-55.74,-2.24
35.91,-55.02,-2.58
35.37,-56.99,-2.76
34.66,-55.92,-2.41
35.55,-55.56,-2.41
35.73,-55.56,-1.89
35.91,-55.38,-3.62
36.62,-55.38,-1.55
36.98,-56.81,-1.55
35.73,-55.92,-1.38
35.37,-56.63,-0.69
36.98,-55.38,-1.21
36.62,-55.02,-1.89
35.55,-53.23,-1.21
36.98,-53.59,-1.89
38.05,-54.30,-1.89
38.41,-53.59,-0.52
36.62,-52.15,-0.86
37.16,-53.77,-2.07
36.26,-53.95,-0.86
37.87,-53.41,-1.03
35.91,-54.30,-1.89
36.26,-53.59,-1.89
37.87,-54.13,-1.38
36.26,-54.66,-2.58
36.80,-54.84,-2.07
35.37,-53.05,-2.07
37.34,-55.02,-1.89
36.62,-55.02,-0.86
36.44,-55.20,-2.07
35.91,-55.38,-1.21
36.08,-55.20,-2.76
36.44,-55.56,-1.38
37.16,-55.56,-1.72
37.16,-55.92,-2.07
35.19,-54.66,-1.55
35.73,-55.56,-1.72
36.62,-55.74,-0.86
36.26,-53.95,-1.89
36.80,-54.48,-2.76
37.34,-55.02,-1.21
36.44,-53.41,-1.38
36.98,-54.30,-1.89
35.55,-53.95,-0.17
36.98,-53.95,-1.21
37.16,-54.13,-1.72
36.80,-54.84,-1.03
35.37,-54.48,-1.72
36.44,-54.13,-0.69
35.73,-54.84,-1.38
36.08,-53.41,-1.38
35.73,-54.13,-2.41
36.26,-54.66,-1.21
36.80,-54.13,-1.03
36.62,-53.95,-1.55
37.34,-55.02,-1.89
38.41,-54.30,-1.89
37.51,-54.48,-1.38
37.87,-55.92,-1.72
36.26,-53.59,-0.86
36.62,-54.66,-1.89
35.73,-55.20,-1.38
37.87,-55.92,-2.07
37.51,-55.56,-1.72
36.98,-55.02,-1.89
36.98,-54.30,-0.86
36.26,-54.66,-0.52
35.19,-53.23,-0.86
36.44,-53.41,-1.03
37.69,-53.95,-0.17
37.16,-55.20,-2.41
35.55,-54.66,-1.89
36.80,-54.84,-1.03
35.91,-55.74,-0.52
36.80,-53.41,-1.38
36.80,-55.56,-0.69
36.08,-54.13,-1.03
36.98,-55.38,-1.21
37.16,-53.77,0.00
37.69,-53.59,-0.86
37.16,-52.69,-1.03
36.44,-54.13,-2.41
37.69,-56.28,0.00
35.73,-53.41,-1.03
36.98,-54.66,-1.21
36.62,-55.02,-0.86
38.41,-54.30,-1.21
35.73,-53.41,-1.38
36.26,-55.38,-1.55
35.19,-54.30,-1.89
36.62,-55.38,-1.55
36.98,-54.30,-0.52
35.91,-55.38,-1.55
36.98,-55.56,-2.76
36.08,-56.28,-1.38
37.69,-54.30,-1.21
35.91,-52.87,-1.89
37.34,-54.30,-1.55
37.16,-54.13,-0.69
36.26,-54.30,-2.24
34.48,-55.74,-1.89
35.73,-54.13,-1.03
36.80,-53.77,-1.38
35.19,-54.30,-2.24
36.08,-55.56,-1.38
36.26,-55.74,-1.89
36.62,-54.30,-1.55
36.62,-54.66,-2.24
37.69,-54.66,-1.89
36.26,-54.30,-1.89
35.37,-54.84,-1.72
36.08,-55.56,-0.69
36.26,-56.10,-2.58
37.69,-54.66,-1.55
36.26,-55.02,-1.21
36.44,-53.41,-0.34
36.80,-54.48,-2.41
36.44,-55.20,-2.07
35.91,-54.30,-1.55
35.19,-54.30,-2.24
37.87,-54.84,-0.34
36.62,-55.38,-1.21
36.80,-54.48,-1.72
35.73,-55.56,-3.10
35.55,-55.02,-0.86
36.62,-53.95,-1.89
36.26,-53.95,-0.86
36.26,-55.02,-1.89
35.73,-54.84,-1.38
35.73,-54.13,-1.38
35.73,-55.56,-1.03
36.98,-54.66,-0.86
37.51,-54.84,-1.03
37.16,-53.77,-1.03
35.55,-55.38,-1.55
35.37,-54.84,-1.72
36.80,-54.48,-2.41
35.55,-54.66,-0.86
35.01,-53.77,-2.76
35.91,-56.46,-1.21
36.26,-54.66,-2.58
36.80,-54.48,-1.38
36.08,-54.48,-1.38
35.55,-55.38,-1.55
36.08,-54.13,-1.72
37.16,-54.84,-1.03
35.73,-54.48,-3.10
36.44,-55.92,-0.69
36.08,-54.84,-2.07
37.16,-54.84,-1.38
36.80,-55.20,-2.24
36.44,-54.13,-1.03
36.08,-53.77,-0.34
37.16,-54.48,-1.72
35.91,-55.02,-1.21
36.44,-55.92,-0.69
35.55,-53.59,-1.21
36.80,-54.48,-2.41
36.80,-54.84,-1.03
36.80,-54.48,-2.07
36.98,-55.74,-0.17
36.26,-53.95,-0.17
36.98,-53.95,-1.89
36.44,-54.48,-2.24
36.08,-55.56,-1.38
37.51,-55.92,-3.10
35.73,-55.56,-1.72
35.55,-53.59,-1.55
37.34,-54.30,-1.55
35.01,-55.20,-2.07
37.69,-55.74,-1.55
35.55,-55.38,-1.55
36.26,-55.38,-2.58
36.80,-55.20,-2.41
36.80,-54.84,-0.34
35.73,-55.20,-0.69
36.26,-54.30,-0.17
36.26,-55.74,-0.52
36.80,-55.56,-1.38
37.16,-55.56,-1.03
36.98,-54.66,-0.17
37.16,-54.30,-1.55
35.73,-55.20,0.69
36.08,-54.13,-1.72
35.73,-54.48,-1.38
36.98,-53.95,-1.21
35.37,-53.77,-1.03
35.91,-55.38,-1.89
35.91,-54.66,-0.52
36.44,-55.92,-1.38
36.26,-54.66,-0.52
36.44,-54.84,-1.72
36.08,-55.56,-1.55
36.44,-54.48,-1.72
36.08,-56.99,0.34
36.08,-54.84,-1.38
35.37,-55.92,-1.72
35.55,-56.10,-1.55
36.26,-54.66,-1.21
35.01,-54.13,-1.72
35.37,-56.28,-1.72
37.51,-55.56,0.00
36.08,-56.81,-1.89
35.55,-55.02,-0.52
37.16,-54.13,-0.34
37.51,-53.41,0.34
38.41,-53.23,-3.27
38.41,-50.00,-6.03
39.30,-46.60,-7.92
39.66,-39.79,-11.02
40.55,-34.59,-10.16
38.59,-28.32,-7.23
38.41,-24.20,-4.30
34.30,-18.64,-1.03
31.98,-15.23,6.72
26.97,-12.37,11.19
18.94,-11.83,14.12
12.50,-9.32,18.60
6.43,-10.39,20.32
-0.89,-10.22,21.87
-8.75,-8.78,22.21
-18.58,-10.39,22.04
-24.83,-10.93,21.52
-24.65,-11.47,19.97
-21.08,-9.68,21.35
-20.19,-11.65,20.15
-19.11,-10.57,22.21
-19.47,-10.57,20.49
-19.83,-13.08,21.18
-19.29,-10.75,21.52
-19.65,-12.19,21.01
-20.54,-15.95,18.77
-20.72,-20.79,17.56
-20.72,-24.73,13.78
-20.19,-29.93,12.91
-16.08,-36.92,12.40
-8.04,-38.89,20.49
-1.97,-39.25,25.31
2.14,-36.92,33.75
0.71,-38.35,35.82
-1.07,-36.92,36.85
-2.86,-33.34,37.88
-7.86,-30.83,37.54
-13.04,-27.06,36.68
-16.79,-25.45,36.85
-18.94,-25.09,35.82
-18.22,-26.53,35.47
-18.94,-25.81,37.19
-19.65,-26.88,36.16
-19.65,-27.24,38.23
-18.58,-26.53,39.26
-18.04,-26.35,37.71
-18.22,-26.53,36.85
-18.58,-26.53,37.88
-17.15,-26.88,37.19
-16.08,-27.24,37.88
-16.43,-26.17,35.47
-16.43,-25.81,36.85
-17.51,-25.81,36.51
-16.26,-26.35,35.30
-17.15,-25.81,36.51
-17.51,-25.45,37.88
-15.90,-27.06,37.02
-16.61,-27.06,36.68
-18.76,-24.55,36.68
-17.15,-26.53,37.19
-18.58,-24.37,37.88
-18.22,-26.17,36.51
-18.58,-26.53,36.51
-17.86,-25.45,36.85
-17.51,-25.81,35.82
-18.40,-24.20,36.33
-17.69,-24.91,37.37
-16.43,-24.37,35.82
-16.61,-24.91,37.71
-18.76,-25.99,36.33
-19.29,-24.73,37.88
-19.47,-24.55,37.02
-19.11,-26.70,37.71
-19.83,-24.20,36.33
-17.15,-25.45,36.51
-19.29,-24.73,37.19
-17.51,-26.17,37.88
-19.47,-23.48,38.40
-17.69,-25.27,36.68
-17.15,-26.53,37.54
-16.26,-25.99,36.68
-17.69,-24.91,36.68
-17.33,-24.91,36.33
-16.97,-25.27,36.68
-16.43,-25.81,37.88
-15.54,-26.35,35.64
-13.58,-26.88,37.54
-11.25,-28.50,37.37
-10.72,-31.54,38.92
-8.57,-30.11,37.88
-7.86,-30.47,38.92
-7.15,-31.54,38.57
-6.79,-28.68,37.19
-8.57,-27.96,38.23
-10.54,-26.35,36.33
-14.29,-27.24,38.57
-15.54,-25.27,36.33
-14.65,-22.58,35.13
-12.33,-23.12,35.99
-11.79,-24.02,35.13
-10.72,-22.94,38.23
-10.54,-24.02,34.78
-9.29,-25.09,36.51
-8.40,-27.06,37.37
-5.90,-29.57,38.74
2.14,-35.13,38.92
10.72,-42.66,34.09
21.97,-48.57,30.13
25.90,-53.59,21.18
30.73,-55.56,13.78
32.51,-57.35,7.92
33.23,-56.99,3.79
34.30,-56.63,4.13
34.66,-57.71,0.00
36.62,-55.38,-3.27
36.44,-53.77,-4.82
35.55,-55.02,-1.89
36.26,-53.59,-1.89
36.80,-52.33,-1.38
36.62,-52.87,-1.21
36.98,-54.66,-2.58
37.69,-54.30,-0.17
36.08,-54.84,-0.69
36.62,-55.02,1.21
37.16,-54.13,1.38
38.41,-54.66,1.89
36.98,-53.95,1.55
37.34,-53.59,1.21
36.98,-53.23,2.24
36.98,-52.87,1.55
38.05,-53.23,3.27
37.16,-52.69,1.03
37.51,-53.41,2.07
36.98,-53.23,1.21
37.34,-53.95,0.52
37.51,-52.69,2.07
36.98,-51.80,1.21
36.98,-52.15,3.96
38.76,-50.72,2.93
38.05,-52.15,1.21
38.23,-51.26,1.72
35.91,-50.00,-0.52
39.84,-47.49,-1.21
40.73,-43.01,-5.17
40.91,-42.48,-4.99
39.84,-36.74,-6.37
40.73,-35.49,-9.30
38.59,-34.41,-9.30
40.19,-34.59,-9.82
40.55,-32.08,-8.78
38.59,-25.81,-5.51
33.76,-18.46,0.17
30.73,-15.05,6.20
24.47,-12.01,11.88
18.58,-11.11,14.81
9.47,-11.65,18.42
5.90,-13.44,20.84
-5.72,-14.70,19.97
-14.29,-17.56,17.22
-30.55,-18.82,16.70
-40.19,-15.95,18.42
-47.70,-17.03,19.11
-49.30,-18.28,16.88
-50.20,-18.82,16.01
-51.27,-22.40,11.88
-57.88,-24.73,7.92
-52.70,-22.04,7.75
-53.06,-20.97,9.82
-53.23,-21.87,7.58
-52.52,-31.18,1.03
-46.62,-41.76,-2.93
-37.69,-43.73,-2.07
-24.83,-47.14,6.37
-8.57,-44.09,21.01
-3.75,-41.40,28.76
-0.36,-36.20,33.75
1.61,-31.72,34.27
1.43,-30.47,35.13
-1.79,-30.83,37.88
-5.00,-29.75,37.19
-9.47,-28.50,38.40
-17.15,-29.03,37.19
-21.97,-29.57,37.02
-26.44,-30.11,37.88
-26.80,-30.83,35.82
-28.40,-28.14,36.68
-27.87,-30.47,36.51
-27.87,-29.39,35.13
-26.08,-29.03,36.85
-24.29,-29.03,36.16
-25.19,-29.21,37.37
-26.26,-28.86,38.06
-24.83,-29.57,36.33
-25.90,-28.50,37.37
-26.08,-28.32,36.51
-25.01,-28.68,36.85
-26.26,-28.14,36.33
-24.29,-29.39,37.54
-26.62,-28.86,35.64
-29.12,-20.61,31.86
-28.76,-17.38,28.41
-28.94,-16.13,30.31
-28.76,-17.74,30.13
-28.40,-16.31,29.79
-28.94,-17.21,29.96
-27.51,-15.41,31.00
-27.51,-16.85,31.68
-28.22,-16.85,30.31
-27.33,-18.10,29.45
-27.15,-17.92,31.00
-24.83,-19.18,32.20
-24.12,-22.76,34.61
-18.22,-27.24,36.85
-10.90,-35.67,41.15
-1.79,-43.73,40.64
9.11,-50.72,36.33
18.40,-53.23,28.76
23.40,-58.25,22.56
29.65,-62.01,13.09
31.44,-60.94,8.61
33.76,-59.68,3.96
33.23,-58.79,-1.38
36.08,-55.56,-3.44
36.44,-55.56,-2.07
35.91,-55.74,-2.58
36.08,-53.77,0.00
35.19,-55.02,-0.17
36.80,-54.84,0.34
35.91,-52.87,0.52
37.16,-52.33,2.07
37.16,-52.33,2.58
36.98,-52.51,1.89
37.51,-53.77,2.76
37.69,-52.15,2.24
36.08,-52.69,2.41
38.41,-52.15,2.24
37.34,-52.51,1.55
36.80,-53.77,2.07
37.51,-53.05,1.38
36.98,-52.87,3.10
36.98,-53.23,2.24
35.55,-53.23,1.89
36.80,-53.05,2.07
36.44,-51.26,1.38
37.87,-52.69,1.38
36.26,-52.51,1.55
37.51,-51.62,1.38
38.23,-52.69,0.69
38.59,-49.47,1.72
39.66,-46.60,0.34
41.27,-42.83,-4.99
40.55,-37.10,-6.37
40.73,-34.41,-7.23
40.55,-33.16,-6.72
40.37,-29.39,-3.44
36.08,-22.94,1.72
31.44,-20.79,6.54
27.69,-15.95,12.91
23.40,-14.88,13.60
17.86,-15.05,16.53
9.29,-15.41,20.32
0.89,-15.23,22.21
-13.04,-18.82,21.52
-33.41,-18.10,20.15
-46.80,-19.36,19.29
-56.27,-21.69,19.11
-59.13,-23.48,16.70
-57.16,-28.68,14.81
-58.06,-31.72,15.33
-57.88,-32.26,13.43
-60.02,-34.41,11.71
-59.84,-39.97,8.09
-67.70,-57.89,-0.86
-60.74,-69.54,-3.44
-38.76,-82.26,6.03
-18.40,-74.38,19.80
-4.82,-58.25,31.86
-3.75,-44.99,34.96
-3.93,-36.56,38.23
-6.25,-31.36,37.37
-8.93,-31.90,38.57
-16.61,-27.42,39.09
-20.90,-27.42,37.71
-26.44,-28.32,35.82
-29.65,-29.03,37.19
-34.12,-31.72,34.61
-33.94,-32.26,34.78
-32.15,-31.54,35.13
-32.51,-32.62,36.16
-31.26,-33.16,35.64
-31.98,-33.87,35.64
-32.15,-34.05,35.13
-31.08,-34.05,36.51
-31.62,-33.87,34.61
-31.44,-34.05,35.82
-31.62,-34.23,36.33
-31.08,-34.77,36.85
-31.80,-32.62,35.82
-31.44,-33.69,36.16
-31.62,-33.51,35.99
-32.87,-33.69,35.82
-32.51,-33.34,36.85
-30.37,-32.62,35.13
-32.15,-34.05,35.47
-31.08,-34.05,36.16
-30.73,-32.98,34.44
-33.23,-33.34,34.44
-31.62,-31.72,35.64
-32.69,-30.29,33.58
-32.33,-31.01,35.99
-31.98,-29.93,34.61
-32.51,-31.18,35.13
-31.98,-29.93,34.96
-31.80,-30.11,34.78
-32.87,-30.83,35.13
-32.33,-32.08,34.96
-33.05,-31.72,36.16
-31.44,-31.18,34.44
-31.62,-31.36,35.30
-31.62,-30.29,34.96
-30.73,-31.54,35.13
-32.51,-32.26,35.47
-31.26,-30.29,33.92
-32.33,-29.93,34.96
-31.98,-27.42,35.30
-32.87,-25.09,32.03
-33.58,-17.56,27.90
-33.41,-14.52,27.03
-31.26,-14.16,28.76
-31.26,-16.31,26.69
-31.80,-16.85,30.65
-27.69,-17.03,29.79
-23.22,-25.81,35.82
-12.50,-35.84,39.26
-3.57,-45.52,39.95
8.04,-56.81,34.61
15.01,-61.29,26.86
21.79,-62.73,22.73
28.22,-62.37,15.50
32.69,-58.61,10.85
34.66,-55.20,5.51
36.98,-53.95,0.17
36.08,-54.84,0.00
36.80,-53.05,-1.38
37.69,-53.23,-0.52
38.76,-52.51,-2.93
38.23,-54.13,-2.07
36.80,-53.77,-2.07
36.80,-53.05,1.72
38.05,-51.44,-0.52
38.05,-51.44,1.89
37.69,-50.00,1.21
37.69,-50.72,1.55
38.05,-51.08,2.24
37.34,-49.29,2.58
37.16,-52.69,1.72
37.87,-51.62,3.10
37.69,-48.93,2.58
38.05,-48.21,1.21
38.94,-45.52,1.03
40.01,-40.86,-0.34
39.30,-39.43,-0.69
39.12,-38.89,-0.17
40.55,-37.10,-1.89
40.01,-36.56,-2.41
38.94,-37.28,-3.44
40.01,-38.00,-3.10
40.19,-37.46,-3.27
40.73,-37.64,-2.41
40.19,-38.89,-3.62
41.62,-36.74,-3.96
42.69,-38.53,-4.99
41.98,-37.82,-4.99
42.34,-38.17,-5.34
40.91,-37.10,-5.68
39.48,-32.80,-3.96
39.30,-29.03,0.69
35.73,-19.36,5.51
29.12,-17.38,11.54
20.54,-15.59,16.01
13.04,-15.95,21.18
-2.68,-15.95,21.18
-14.65,-17.92,20.66
-26.80,-23.66,17.91
-31.80,-24.73,18.94
-49.66,-30.83,18.60
-50.55,-25.99,17.74
-55.38,-28.68,15.84
-53.06,-28.86,16.36
-52.88,-26.88,16.19
-52.88,-27.96,15.50
-50.73,-28.32,13.43
-49.66,-28.32,15.50
-50.20,-27.06,17.05
-50.20,-27.06,14.98
-51.98,-28.14,14.29
-51.98,-31.01,12.91
-54.13,-34.59,10.16
-52.34,-38.89,4.99
-45.91,-46.78,-0.17
-36.80,-62.01,0.34
-19.65,-66.67,12.05
-8.57,-61.65,26.17
-3.57,-48.03,34.09
-5.72,-40.15,38.23
-6.97,-32.44,39.09
-12.86,-30.83,38.57
-20.01,-27.60,37.54
-24.83,-30.29,36.68
-30.37,-29.75,37.54
-31.80,-29.39,36.51
-32.69,-28.50,33.23
-36.08,-29.39,33.41
-34.30,-29.03,32.03
-35.19,-29.57,33.23
-33.23,-29.03,33.75
-33.23,-28.68,34.09
-33.05,-27.06,33.92
-32.51,-28.32,33.41
-33.58,-29.03,34.44
-31.98,-30.29,32.89
-33.05,-28.14,34.27
-31.98,-30.65,33.92
-32.15,-29.39,34.78
-32.69,-28.14,34.27
-33.76,-27.78,34.27
-32.69,-28.86,33.92
-32.33,-29.21,34.96
-32.87,-28.32,34.78
-31.62,-29.93,34.61
-32.15,-27.96,33.41
-31.44,-29.39,35.13
-31.98,-30.29,35.64
-32.51,-28.32,35.13
-30.90,-28.14,34.27
-31.08,-29.39,34.44
-30.90,-29.57,34.96
-30.37,-28.32,35.47
-30.73,-28.68,35.82
-31.62,-27.78,33.58
-30.90,-29.57,34.61
-29.12,-29.21,35.99
-30.73,-27.96,34.09
-31.26,-26.70,34.27
-30.73,-27.60,32.72
-31.44,-20.07,29.62
-29.48,-15.23,28.07
-28.76,-15.59,30.48
-26.97,-16.31,29.10
-25.90,-18.10,30.82
-26.44,-17.21,30.65
-26.08,-16.49,30.65
-25.90,-18.10,31.86
-21.97,-19.89,33.23
-12.68,-24.91,36.68
-3.39,-30.65,36.68
3.93,-37.64,38.57
13.58,-45.52,33.41
25.90,-49.65,25.31
32.69,-54.30,11.54
35.37,-54.13,2.76
37.34,-52.87,-1.89
36.98,-50.00,-2.93
41.09,-49.47,-3.27
38.41,-50.00,-2.93
38.23,-51.62,-2.41
39.30,-50.54,-2.07
37.87,-51.26,-2.07
38.41,-48.93,-1.55
38.59,-48.39,-1.38
38.05,-50.00,-2.24
39.30,-46.96,-2.07
40.37,-43.37,-3.79
40.73,-41.58,-3.44
39.84,-36.74,-4.99
40.73,-33.69,-4.13
40.01,-32.26,-4.48
39.84,-30.29,-2.24
39.30,-31.54,-5.51
40.19,-29.93,-7.06
39.30,-31.54,-6.20
40.19,-32.44,-6.72
39.12,-29.57,-7.06
39.84,-31.36,-7.40
40.19,-31.36,-7.40
39.84,-29.21,-5.68
39.12,-26.70,-3.27
37.16,-21.87,0.69
33.76,-18.46,4.30
29.48,-14.88,8.09
23.58,-11.47,12.74
19.29,-10.75,15.50
9.47,-11.65,17.74
-0.36,-13.26,20.32
-11.97,-14.88,21.18
-21.08,-16.85,19.63
-32.15,-16.13,19.97
-31.26,-15.23,20.49
-31.08,-16.85,20.32
-30.19,-17.74,20.49
-31.44,-16.49,20.32
-32.87,-19.36,16.88
-34.30,-28.32,13.09
-33.94,-42.66,11.71
-27.51,-52.33,14.12
-12.68,-51.44,23.94
-4.11,-46.06,37.02
-5.00,-38.35,38.92
-9.65,-32.26,38.23
-14.29,-31.90,40.29
-22.87,-28.32,37.88
-24.83,-27.42,36.33
-30.19,-27.42,35.64
-30.55,-27.42,35.99
-33.23,-27.24,33.75
-32.69,-28.14,33.92
-32.51,-29.39,34.09
-32.33,-29.93,34.27
-35.01,-30.47,33.75
-33.23,-30.47,34.44
-34.30,-27.96,35.13
-33.41,-29.93,32.89
-33.76,-30.29,34.61
-32.51,-27.96,33.75
-33.23,-26.88,32.37
-33.58,-26.88,33.41
-33.23,-28.32,32.89
-34.12,-27.42,33.58
-32.33,-26.70,32.89
-34.12,-28.50,33.23
-33.41,-28.14,33.23
-33.76,-29.21,32.89
-33.76,-28.50,33.92
-32.87,-26.88,33.41
-32.69,-23.12,32.54
-30.73,-17.92,30.65
-29.65,-16.49,29.62
-27.87,-14.70,29.96
-28.94,-16.85,30.65
-28.94,-16.85,29.27
-26.80,-15.77,29.27
-25.90,-16.67,31.17
-24.83,-18.46,32.20
-21.97,-20.61,34.96
-19.29,-26.88,36.85
-14.11,-34.95,38.74
-6.79,-43.01,39.60
6.61,-57.89,33.92
16.97,-63.62,24.62
20.54,-63.98,18.77
24.83,-63.62,13.26
27.87,-64.16,8.95
28.05,-62.91,6.72
29.83,-62.55,4.65
34.30,-59.86,2.76
33.41,-58.25,1.89
35.91,-55.74,-3.62
36.08,-55.20,-3.79
34.66,-55.56,-1.72
36.80,-54.84,-3.10
34.83,-53.95,-2.24
36.44,-53.41,-1.72
36.26,-54.30,-0.86
37.69,-54.66,0.52
36.26,-52.15,2.58
37.51,-52.69,0.34
35.19,-53.59,1.89
36.98,-53.95,0.17
37.69,-53.59,0.86
37.69,-53.23,0.86
37.87,-53.05,0.34
36.80,-51.97,0.00
36.98,-53.59,1.55
37.51,-53.59,1.89
36.08,-52.33,2.76
39.30,-46.60,2.76
40.37,-46.60,0.69
39.84,-44.27,1.21
40.91,-43.55,-2.24
40.55,-40.68,-5.34
39.84,-38.89,-7.75
40.37,-34.77,-6.54
40.01,-33.34,-7.23
40.01,-34.77,-8.95
40.73,-33.16,-7.40
39.12,-28.50,-6.37
37.69,-22.76,-2.24
33.94,-18.64,2.41
30.90,-15.59,7.06
25.01,-12.19,13.09
16.08,-12.90,17.91
6.97,-14.16,22.21
-2.68,-16.31,23.59
-13.40,-15.95,21.18
-24.29,-17.92,19.97
-42.52,-20.43,19.29
-48.23,-21.87,19.63
-45.20,-22.04,18.08
-42.87,-24.37,17.22
-41.44,-23.66,17.56
-42.34,-20.97,16.70
-42.16,-22.04,16.70
-40.73,-20.79,15.84
-42.87,-21.51,16.19
-42.69,-20.61,17.05
-45.91,-21.69,16.01
-41.98,-20.97,15.67
-41.80,-21.15,17.91
-41.27,-19.54,17.39
-41.80,-22.58,16.19
-41.98,-22.40,16.36
-43.77,-25.27,13.95
-48.59,-31.54,9.30
-49.84,-41.40,6.03
-46.62,-62.19,0.17
-31.98,-82.62,6.72
-18.04,-82.26,21.18
-7.86,-63.80,36.16
-6.79,-45.52,38.23
-7.15,-37.64,40.64
-10.54,-34.59,39.78
-14.47,-33.51,40.12
-23.58,-33.69,38.57
-28.22,-32.26,38.57
-35.55,-33.16,33.58
-36.62,-29.21,32.89
-38.23,-30.11,32.37
-37.16,-28.68,32.03
-37.69,-29.57,31.17
-36.80,-29.75,32.37
-38.41,-29.93,32.54
-35.73,-30.83,32.37
-36.80,-30.83,32.72
-37.16,-29.93,31.86
-37.34,-29.21,31.51
-35.91,-29.21,31.86
-37.69,-29.21,32.54
-36.62,-29.39,32.72
-37.16,-29.03,32.37
-37.34,-19.54,27.72
-34.48,-13.08,24.62
-33.58,-12.90,24.11
-33.76,-12.72,25.66
-32.69,-14.52,26.35
-32.51,-13.62,27.55
-32.87,-12.90,26.52
-32.15,-13.62,27.55
-31.44,-13.98,27.90
-28.76,-16.31,29.45
-25.19,-18.82,32.03
-20.72,-25.45,37.54
-10.54,-37.82,39.78
1.07,-49.82,38.57
16.08,-61.29,28.24
23.04,-62.19,22.39
28.94,-60.94,13.43
32.15,-58.07,6.89
33.23,-56.63,4.13
34.48,-56.81,2.58
35.37,-55.56,0.69
35.73,-54.84,0.34
36.26,-54.30,2.24
35.91,-53.59,0.52
36.44,-55.20,2.41
36.44,-55.20,2.41
36.98,-53.95,0.86
36.26,-55.38,0.17
36.08,-53.77,-0.34
35.37,-53.05,2.07
36.44,-54.84,1.03
36.80,-53.05,2.07
36.62,-55.74,1.89
37.16,-54.13,2.24
37.16,-54.48,2.07
35.55,-52.33,0.69
36.08,-53.05,1.03
35.91,-53.23,1.55
35.37,-53.41,1.72
36.80,-53.77,0.69
36.26,-52.87,0.86
35.73,-53.77,2.41
37.69,-54.30,1.89
36.26,-54.66,1.55
37.34,-53.95,0.52
36.08,-54.13,2.07
36.08,-53.05,1.72
36.26,-54.30,0.52
37.51,-53.77,-0.34
36.98,-51.08,0.52
36.44,-52.69,-0.69
36.62,-52.87,-0.86
37.34,-53.23,-0.86
36.26,-53.95,-0.86
36.44,-54.13,-1.03
36.08,-54.48,-2.07
35.73,-53.41,-0.69
35.91,-54.66,0.86
37.51,-54.13,-0.34
35.19,-53.95,1.21
35.73,-54.13,2.07
36.44,-53.77,2.76
35.91,-53.23,1.89
35.37,-54.84,3.10
36.08,-52.33,3.44
38.05,-51.80,3.62
36.62,-51.44,2.58
36.44,-52.33,2.24
36.44,-52.69,3.44
35.37,-53.41,1.03
36.98,-53.23,4.30
35.91,-52.87,3.96
35.73,-54.48,2.76
36.62,-53.23,2.24
36.44,-54.13,2.76
35.37,-53.41,1.72
35.55,-54.66,3.62
35.73,-52.69,2.76
36.08,-53.77,2.41
35.55,-55.38,2.93
35.73,-53.77,2.76
35.91,-55.02,3.27
36.80,-55.20,2.41
36.26,-54.30,2.58
36.80,-52.33,3.10
36.80,-53.05,2.76
36.08,-52.69,4.13
35.73,-53.41,3.10
35.19,-52.15,2.58
36.44,-52.69,3.79
36.98,-53.59,2.93
36.80,-53.05,4.13
36.08,-53.41,3.10
36.26,-51.44,2.24
36.80,-54.13,4.48
36.98,-53.59,2.24
35.19,-53.95,2.93
36.80,-54.84,3.44
35.19,-53.23,1.89
35.73,-53.77,2.76
36.08,-54.84,2.41
36.98,-53.59,2.24
36.08,-54.84,2.76
36.62,-53.95,2.58
35.73,-52.69,3.44
36.08,-52.33,1.38
37.51,-53.05,3.44
36.44,-53.05,2.07
36.98,-53.59,3.96
36.44,-53.77,3.79
34.66,-52.69,4.13
35.91,-53.23,2.93
36.44,-53.05,2.76
36.08,-54.13,4.48
35.91,-55.02,2.24
37.34,-53.95,3.62
35.91,-53.23,3.27
36.44,-52.69,3.44
36.08,-53.41,2.07
35.55,-52.87,3.27
36.44,-53.41,2.76
37.51,-54.13,3.79
36.62,-52.87,3.27
36.44,-52.69,3.79
37.87,-54.48,3.79
36.98,-53.23,1.55
36.44,-53.05,1.72
35.73,-54.84,3.44
35.73,-53.77,2.07
36.26,-53.95,2.58
36.26,-53.23,1.89
36.44,-53.05,3.44
35.19,-53.95,2.24
35.55,-55.02,1.89
35.19,-53.23,2.93
35.55,-53.23,3.27
35.01,-53.77,3.44
36.08,-52.69,2.76
35.37,-52.69,2.07
36.98,-53.23,2.58
36.80,-53.41,2.76
35.73,-54.13,3.10
36.26,-53.59,2.58
35.37,-54.13,4.13
36.62,-54.66,1.21
35.91,-55.02,2.93
35.73,-53.41,4.13
36.80,-53.77,3.44
35.73,-54.48,3.79
36.98,-52.51,2.58
36.26,-52.51,2.93
35.01,-53.77,3.10
36.62,-53.59,2.93
37.69,-53.59,3.96
36.26,-53.59,2.93
36.80,-52.33,3.79
35.91,-55.38,1.55
34.66,-53.77,2.76
36.08,-54.48,3.62
36.98,-53.23,2.58
37.69,-53.23,2.58
36.80,-53.41,2.07
36.44,-53.77,1.72
35.37,-52.33,2.07
35.19,-53.23,2.58
36.08,-53.77,2.76
35.37,-53.05,3.44
37.51,-53.05,2.41
35.91,-53.95,1.89
35.19,-54.30,1.55
36.80,-54.13,2.76
35.91,-52.87,1.55
37.51,-53.77,1.72
36.26,-53.59,2.93
36.80,-53.41,1.03
36.62,-52.51,3.27
36.08,-54.48,1.72
34.66,-54.13,2.07
35.73,-53.77,3.79
35.73,-53.41,2.76
36.62,-53.23,3.62
35.37,-53.41,1.72
36.08,-53.41,3.79
36.26,-53.95,2.24
36.80,-53.77,2.41
36.98,-52.87,3.96
35.55,-53.95,2.58
35.37,-53.05,4.13
36.44,-53.05,3.10
36.80,-53.77,2.41
36.08,-53.77,3.79
35.91,-52.87,4.30
35.55,-52.15,2.58
35.73,-53.41,4.48
36.98,-52.87,3.27
36.98,-52.87,3.27
36.44,-53.05,3.79
35.55,-53.59,2.93
34.66,-51.97,3.10
36.44,-52.69,3.44
34.48,-52.87,3.27
35.91,-52.51,1.89
34.48,-53.23,3.62
36.08,-53.77,3.79
35.91,-52.87,2.58
36.44,-53.05,2.76
36.44,-53.41,2.07
36.26,-52.51,4.30
36.08,-53.41,2.07
36.26,-52.51,3.27
37.34,-52.87,2.93
35.91,-53.95,2.58
35.37,-53.05,5.17
35.73,-52.69,3.10
34.48,-53.59,3.62
37.34,-53.59,3.27
36.26,-53.95,3.62
36.62,-52.87,2.58
36.62,-52.51,3.96
36.08,-53.05,3.10
35.37,-52.33,3.44
36.44,-53.41,4.48
35.91,-53.23,3.62
35.19,-52.87,2.58
37.16,-51.97,3.10
37.87,-53.41,4.13
35.91,-53.95,2.93
35.55,-53.95,3.96
35.37,-52.33,3.10
36.26,-52.87,2.24
38.59,-53.41,3.44
36.26,-53.23,1.89
35.91,-52.87,3.62
36.98,-53.23,2.93
36.08,-52.33,4.48
36.98,-53.95,4.30
35.91,-51.08,3.96
37.69,-52.87,3.27
36.44,-54.48,3.10
36.80,-53.41,4.13
36.62,-52.69,3.44
36.26,-52.87,3.62
37.51,-52.69,4.13
35.19,-53.23,3.96
35.55,-53.95,1.89
37.51,-54.48,3.10
35.55,-52.51,3.62
36.80,-53.77,3.10
36.62,-52.87,4.30
37.69,-53.59,3.62
36.08,-53.05,3.79
37.16,-53.05,4.13
36.62,-52.51,2.24
34.83,-52.87,3.27
36.44,-53.41,2.41
36.44,-54.48,3.10
36.08,-53.41,4.13
35.01,-51.97,3.79
35.19,-53.59,3.27
35.91,-52.87,2.93
35.73,-53.05,3.79
35.91,-53.59,5.68
36.26,-53.59,3.96
35.19,-53.95,3.96
35.55,-53.23,3.27
36.08,-53.41,3.44
37.16,-53.05,3.44
36.44,-53.41,4.13
35.73,-53.77,3.10
35.19,-53.95,3.96
35.19,-52.51,3.62
36.98,-53.59,4.65
36.26,-52.51,2.58
35.37,-53.05,2.76
36.08,-53.41,2.07
37.16,-52.69,3.10
36.08,-53.41,4.82
35.91,-52.87,2.93
35.01,-54.13,2.76
34.83,-53.23,4.65
36.98,-53.95,2.58
35.01,-53.77,3.44
36.26,-52.51,3.96
36.26,-52.51,4.30
36.44,-53.05,2.76
36.62,-52.51,3.62
38.05,-53.59,3.62
36.62,-52.51,3.96
36.62,-52.51,3.96
36.26,-53.95,4.30
37.34,-52.15,2.58
35.55,-52.87,2.93
35.91,-53.23,3.27
37.16,-53.05,3.79
34.83,-52.51,2.93
36.80,-54.48,3.79
34.83,-52.87,2.93
36.26,-53.23,2.93
37.51,-53.05,4.13
36.80,-54.13,2.07
37.34,-53.59,3.27
36.80,-51.26,3.44
36.26,-52.87,3.96
36.62,-52.51,2.93
36.80,-52.33,3.44
35.55,-51.44,3.62
36.08,-51.97,3.79
37.16,-52.33,3.79
36.80,-53.05,2.76
37.51,-52.33,2.41
37.16,-52.33,3.79
35.01,-53.05,3.79
37.51,-52.33,3.79
36.44,-50.54,2.76
35.55,-54.66,3.62
35.01,-53.05,4.13
35.55,-54.30,3.62
35.91,-52.51,3.27
36.26,-53.23,3.27
36.98,-52.87,3.62
36.62,-52.87,2.93
37.51,-51.97,3.10
36.80,-53.41,5.17
34.83,-53.23,4.30
36.08,-51.62,4.48
35.73,-54.13,3.79
36.44,-52.69,3.44
38.05,-53.23,3.27
36.26,-53.95,2.93
36.08,-53.41,4.82
36.26,-52.87,3.62
36.62,-52.87,3.96
36.44,-52.69,4.13
35.73,-53.77,4.13
37.51,-52.69,3.79
37.16,-52.69,3.10
