aX,aY,aZ 
4.11,7.04,7.48
3.64,6.87,7.58
3.52,6.84,7.46
3.75,6.87,7.42
3.73,6.93,7.46
3.61,6.93,7.54
3.75,6.86,7.56
3.66,7.04,7.38
3.62,7.11,7.42
3.73,7.00,7.50
3.56,7.13,7.48
3.55,7.20,7.53
3.45,7.20,7.46
3.39,7.15,7.25
3.37,7.25,7.27
3.19,7.43,7.38
3.13,7.48,7.40
3.16,7.26,7.55
3.27,7.33,7.43
3.01,7.48,7.39
2.85,7.54,7.35
3.09,7.45,7.42
2.96,7.28,7.38
3.04,7.50,7.58
2.96,7.47,7.64
2.96,7.20,7.72
2.94,7.17,7.72
3.03,7.15,7.60
3.06,6.96,7.62
2.73,7.15,7.57
2.84,6.77,7.65
2.86,6.79,7.73
2.57,6.96,7.70
2.57,6.96,7.70
2.61,6.81,7.79
2.61,6.81,7.79
2.76,6.82,7.91
2.77,6.83,7.94
2.85,6.58,7.94
2.74,6.53,7.92
3.07,6.68,7.87
3.09,6.57,8.02
3.17,6.00,7.69
3.17,6.00,7.69
3.74,5.98,7.99
4.16,5.79,8.15
4.97,5.88,7.72
4.97,5.88,7.72
5.25,5.44,7.69
5.32,5.24,7.72
6.32,4.93,7.76
6.70,4.77,7.59
6.98,4.69,7.23
7.04,4.73,6.97
7.84,3.95,6.74
8.15,3.76,6.76
8.05,3.94,6.35
8.36,3.89,6.25
9.01,4.60,6.01
9.10,4.76,5.92
8.74,4.68,5.58
8.68,4.95,5.57
8.82,5.17,5.60
8.96,4.93,5.79
8.33,5.16,5.57
8.10,4.43,5.94
8.06,4.32,5.97
8.84,3.99,5.72
8.55,3.90,5.67
8.10,4.75,6.08
7.96,5.06,5.91
7.84,4.89,5.93
7.39,5.12,5.84
7.73,4.12,5.35
8.63,4.77,5.66
8.18,4.22,5.22
8.24,5.18,5.61
7.66,4.98,5.76
6.97,5.12,5.90
7.40,4.66,6.15
7.64,3.81,6.15
8.79,5.00,5.63
8.96,4.24,5.86
9.31,4.78,5.04
9.83,4.42,4.68
10.77,3.62,4.27
10.40,4.25,4.33
10.48,4.14,4.50
9.63,4.44,5.30
9.08,4.35,5.74
8.13,3.28,6.28
7.80,3.59,6.64
7.80,3.59,6.64
7.14,4.01,7.02
6.93,4.01,7.08
6.64,4.10,7.11
6.60,4.16,6.99
6.09,4.57,6.82
6.15,4.77,6.71
6.02,5.55,6.51
5.94,5.77,6.50
5.46,5.74,5.69
5.46,5.74,5.69
5.37,6.78,5.61
5.45,7.17,5.53
5.33,7.35,5.43
5.29,7.38,5.31
5.06,8.43,5.02
4.88,8.86,4.90
4.38,9.56,4.53
4.40,9.67,4.44
4.03,9.57,4.02
3.93,9.68,3.79
3.37,9.81,3.36
3.32,9.85,3.37
3.44,9.80,3.83
3.61,9.81,4.23
4.21,10.71,5.71
4.30,10.93,5.97
4.21,11.51,6.94
4.27,11.62,7.11
3.74,10.61,6.47
3.55,10.33,6.30
2.91,10.02,5.92
2.76,9.87,5.72
1.50,9.78,5.58
1.50,9.78,5.58
0.86,9.66,6.74
0.92,9.74,6.77
0.90,10.98,6.89
1.05,11.20,6.72
0.13,10.38,6.06
0.06,10.36,5.87
0.09,10.87,5.11
0.24,10.89,5.26
0.65,10.41,5.00
0.66,10.19,4.80
0.45,9.08,4.70
0.61,8.80,4.80
0.65,8.46,4.88
0.65,8.46,4.88
0.75,8.10,4.21
0.86,8.23,4.09
0.58,7.88,3.63
0.44,7.83,3.64
0.13,9.10,2.67
0.37,9.30,2.47
-0.01,9.02,2.62
0.09,8.57,2.67
0.66,9.76,2.78
-1.40,11.65,0.31
-0.79,11.27,1.10
0.50,8.32,1.49
-0.36,10.01,1.23
-1.21,10.25,1.29
-1.09,9.97,0.50
-1.91,10.10,1.24
-1.53,9.59,1.57
-0.85,10.46,1.91
-1.56,10.45,1.68
-1.76,10.48,1.82
-2.15,10.63,1.84
-2.04,9.90,1.56
-1.92,10.78,1.21
-1.82,9.94,1.57
-1.97,10.06,1.52
-1.68,10.35,1.60
-2.05,10.27,1.84
-1.47,10.18,1.69
-1.43,10.10,1.25
-1.65,9.85,1.27
-1.97,10.63,1.36
-1.85,9.50,1.55
-1.59,10.26,1.52
-1.84,9.79,1.54
-1.78,10.24,1.40
-1.81,10.29,1.48
-1.92,10.26,1.42
-1.77,10.54,1.39
-1.82,10.38,1.33
-1.80,10.02,1.36
-1.88,10.09,1.34
-1.69,10.21,1.61
-1.74,10.24,1.72
-1.88,9.80,1.61
-1.88,9.92,1.48
-1.71,10.08,1.48
-1.71,10.08,1.48
-1.84,10.17,1.61
-1.73,10.20,1.52
-2.02,10.24,1.52
-2.02,10.24,1.52
-1.82,10.25,1.38
-1.85,10.26,1.34
-1.71,10.16,1.52
-1.71,10.16,1.52
-1.97,10.21,1.51
-1.94,10.12,1.49
-2.01,9.95,1.53
-1.89,10.05,1.53
-1.86,10.04,1.61
-1.86,10.04,1.61
-1.81,10.07,1.65
-1.88,10.13,1.68
-1.78,10.07,1.57
-1.77,10.06,1.65
-1.81,10.21,1.57
-1.84,10.25,1.66
-1.84,10.01,1.58
-1.89,9.97,1.63
-1.78,10.20,1.59
-1.73,10.18,1.59
-1.89,10.16,1.66
-1.90,10.10,1.71
-1.88,10.11,1.65
-1.93,10.13,1.66
-1.86,10.07,1.63
-1.84,10.02,1.55
-1.86,10.11,1.61
-1.95,10.02,1.57
-1.90,10.07,1.57
-1.91,10.13,1.52
-1.92,10.23,1.55
-1.81,10.24,1.59
-1.89,9.88,1.65
-1.83,10.00,1.64
-1.79,10.12,1.64
-1.81,10.21,1.61
-1.97,10.09,1.58
-1.91,10.07,1.64
-1.94,10.13,1.65
-1.90,10.11,1.66
-1.91,10.20,1.50
-1.93,10.16,1.48
-1.89,10.07,1.70
-1.92,10.13,1.60
-1.94,9.96,1.67
-2.00,10.23,1.55
-1.90,10.10,1.68
-1.83,10.06,1.59
-1.84,10.07,1.55
-1.91,10.16,1.67
-1.85,10.09,1.56
-1.82,9.95,1.60
-1.89,10.22,1.58
-1.95,9.92,1.70
-1.90,10.35,1.46
-1.86,10.03,1.69
-1.91,10.11,1.47
-1.81,10.06,1.66
-1.90,10.09,1.66
-1.89,10.13,1.60
-1.96,10.05,1.61
-1.80,10.03,1.61
-1.87,10.09,1.74
-1.93,10.16,1.68
-1.87,10.15,1.59
-1.90,9.99,1.62
-1.85,10.20,1.75
-1.97,10.05,1.66
-1.86,10.23,1.61
-1.98,10.09,1.54
-1.90,10.13,1.67
-1.85,10.07,1.61
-1.86,10.03,1.68
-1.90,10.16,1.63
-1.93,10.10,1.58
-1.86,10.23,1.65
-1.86,9.96,1.57
-1.75,10.28,1.61
-1.85,10.09,1.65
-1.87,10.05,1.58
-1.90,10.11,1.66
-1.84,10.11,1.59
-1.90,10.20,1.54
-1.82,9.97,1.56
-1.89,10.09,1.66
-1.87,10.08,1.70
-1.90,10.02,1.71
-1.88,10.29,1.67
-1.87,10.11,1.65
-1.78,10.19,1.69
-1.88,10.16,1.59
-1.88,10.04,1.70
-1.78,10.05,1.61
-1.99,10.04,1.71
-1.90,10.17,1.72
-1.81,10.26,1.57
-1.91,10.24,1.55
-1.88,10.07,1.71
-1.87,10.03,1.67
-1.91,10.06,1.69
-1.92,10.16,1.65
-1.80,9.91,1.63
-1.68,10.09,1.73
-1.89,10.04,1.63
-1.93,10.27,1.61
-1.93,10.12,1.65
-1.80,10.08,1.66
-1.71,9.99,1.55
-1.47,9.89,1.73
-1.11,9.79,1.93
0.23,9.75,2.23
1.92,10.13,2.58
1.09,9.44,1.73
-0.27,10.61,0.64
-1.49,10.58,1.15
-2.60,9.64,2.67
-1.93,10.52,3.13
-0.33,9.88,3.88
0.74,9.49,4.24
2.92,9.18,4.20
5.11,9.10,4.39
6.65,8.69,4.53
6.97,7.61,5.06
7.91,7.38,5.49
7.39,6.02,5.69
7.31,6.18,5.83
7.10,6.42,6.23
6.98,5.84,6.32
7.75,6.01,6.33
7.77,5.30,5.99
7.82,5.07,5.49
8.41,4.85,5.02
8.74,4.35,4.86
9.19,4.01,4.97
9.60,3.59,4.88
9.43,2.95,4.47
9.20,3.15,4.04
9.63,4.10,4.00
9.61,4.43,4.14
9.39,4.24,4.36
9.06,3.63,4.42
9.02,4.02,4.68
9.06,3.86,4.75
9.60,3.45,4.49
9.78,3.09,4.15
9.44,2.80,3.88
9.31,3.18,3.70
9.54,3.02,3.72
9.92,2.63,3.71
10.33,2.92,3.24
10.45,3.33,3.33
10.17,3.30,3.42
9.72,3.29,3.21
9.75,3.40,3.06
9.75,3.53,2.99
9.89,3.96,2.81
9.69,3.97,2.74
9.26,3.91,2.66
9.06,3.88,2.58
8.95,3.94,2.34
8.96,3.96,2.41
9.09,3.93,2.41
9.13,3.90,2.41
9.60,3.78,2.24
9.69,3.75,2.19
9.75,3.89,2.09
9.82,3.98,1.81
9.70,4.36,1.96
9.69,4.44,1.92
9.59,4.63,2.09
9.50,4.43,2.14
9.35,4.03,2.22
9.35,4.04,2.15
9.18,4.33,2.00
9.13,4.35,1.96
8.92,4.53,1.88
8.81,4.62,1.92
8.57,4.67,2.17
8.58,4.73,2.22
8.48,4.93,2.46
8.43,4.76,2.48
8.40,4.55,2.58
8.40,4.45,2.62
8.28,4.49,2.59
8.38,4.61,2.71
9.21,4.93,3.72
9.94,5.14,4.04
10.76,4.38,4.00
10.21,3.67,3.59
8.94,3.25,3.25
8.82,3.58,3.23
9.81,5.53,4.03
10.08,5.72,4.31
10.54,5.47,4.70
10.49,4.96,4.70
9.83,3.03,4.20
9.25,3.03,3.53
9.21,3.06,3.65
9.41,2.70,4.40
9.43,2.57,4.73
9.42,2.45,5.11
9.30,2.38,5.19
9.10,2.57,4.70
9.07,2.82,4.58
9.11,3.32,4.56
9.11,3.41,4.64
9.22,3.52,4.71
9.26,3.58,4.76
9.14,3.97,4.66
9.14,3.97,4.66
8.98,3.81,4.73
8.93,3.84,4.86
8.96,3.65,5.00
8.97,3.55,5.07
9.04,3.33,5.33
9.09,3.23,5.38
9.03,3.21,5.23
9.05,3.26,5.24
9.10,3.36,5.27
9.12,3.37,5.31
9.15,3.44,5.40
9.12,3.51,5.39
8.97,3.41,5.27
8.96,3.37,5.26
8.85,3.35,5.18
8.80,3.38,5.25
8.88,3.40,5.57
8.87,3.39,5.64
8.87,3.33,5.66
8.87,3.33,5.66
8.85,3.24,5.61
8.88,3.37,5.69
8.84,3.52,5.57
8.84,3.52,5.57
8.90,3.43,5.57
8.98,3.39,5.59
9.00,3.20,5.60
9.00,3.20,5.60
8.92,2.91,5.36
8.92,2.91,5.36
8.94,3.07,5.35
8.93,3.10,5.30
8.96,3.50,5.63
8.96,3.50,5.63
9.09,3.67,5.96
9.37,3.87,6.11
9.96,4.61,5.85
9.96,4.61,5.85
9.17,5.00,4.74
8.98,5.13,4.45
8.32,6.04,3.64
8.26,6.18,3.50
7.96,5.95,3.34
7.88,5.76,3.31
8.32,5.36,3.64
8.46,5.40,3.73
8.67,4.93,3.61
8.65,4.86,3.54
8.51,5.25,3.28
8.56,5.41,3.38
8.63,5.97,3.52
8.55,6.02,3.66
7.85,6.70,4.13
7.70,6.87,4.23
6.83,6.80,4.08
6.64,6.61,4.05
4.22,7.49,4.56
3.82,8.14,4.97
3.57,8.20,5.86
3.98,8.53,6.20
3.76,8.19,6.09
3.27,8.43,5.65
3.30,8.29,5.80
3.17,8.63,6.06
3.22,8.42,6.31
3.15,7.81,6.54
3.21,8.73,6.77
2.78,8.61,6.55
2.49,8.02,6.42
2.65,7.87,6.49
2.97,7.88,6.54
3.10,8.44,6.62
3.22,7.94,6.45
3.01,8.08,6.32
3.03,8.27,6.54
3.07,8.59,6.34
2.93,8.47,6.04
3.21,8.21,5.91
3.25,8.51,6.15
3.46,8.26,6.16
3.25,8.71,6.07
3.13,8.17,6.10
3.22,8.69,6.03
3.25,8.23,6.08
3.18,8.56,6.13
3.08,8.53,6.14
3.02,8.30,6.20
3.04,8.50,6.16
2.96,8.75,6.07
3.19,8.52,6.02
3.27,8.24,6.00
3.13,8.43,5.99
3.47,8.70,5.94
3.29,8.43,5.97
3.15,8.69,5.77
3.15,8.37,5.91
2.98,8.40,6.02
3.01,8.71,6.12
3.17,8.23,6.10
3.23,8.31,6.01
3.02,8.51,5.93
3.19,8.48,6.05
3.05,8.48,6.16
3.05,8.33,6.16
2.92,8.28,6.21
3.04,8.36,6.21
3.02,8.30,6.20
2.87,8.25,6.22
2.53,8.41,6.30
2.71,8.43,6.27
2.93,8.36,6.26
2.93,8.36,6.26
3.36,8.48,6.05
3.41,8.35,6.04
3.69,8.10,5.92
3.69,8.10,5.92
3.82,8.04,5.98
3.70,8.42,6.17
3.22,8.47,6.17
3.22,8.47,6.17
3.45,9.06,6.35
2.98,9.66,5.97
3.99,7.31,7.01
4.00,8.06,6.64
3.71,7.95,6.36
3.65,7.95,6.39
3.82,7.61,6.79
3.80,7.22,6.57
3.49,7.71,6.29
3.17,7.97,6.31
3.02,7.22,6.63
2.60,7.14,6.49
3.47,8.73,5.85
3.41,9.11,5.68
0.09,11.61,5.57
-1.20,11.85,5.50
-3.91,11.52,5.39
-4.93,12.33,5.41
-4.96,13.02,5.67
-4.65,12.92,6.17
-1.98,11.25,7.72
-0.82,10.27,7.23
0.46,9.66,6.24
1.32,7.87,4.89
1.15,8.02,3.94
0.62,8.56,3.53
-0.34,8.90,2.75
-1.47,9.08,2.57
-2.32,9.17,2.53
-2.36,9.72,1.73
-2.87,9.88,1.56
-2.94,10.36,1.56
-3.23,9.81,1.23
-3.43,9.85,1.20
-2.89,9.62,1.26
-3.05,9.08,1.38
-2.67,9.44,1.06
-2.49,9.23,1.45
-2.93,9.34,1.00
-3.26,10.04,1.06
-3.45,9.87,0.98
-3.48,9.76,1.07
-3.26,10.14,1.15
-3.18,9.21,1.42
-3.14,9.89,1.22
-3.21,9.74,1.32
-3.22,9.96,1.47
-3.24,9.76,1.35
-3.12,9.86,1.60
-3.13,9.69,1.66
-3.13,9.54,1.41
-3.06,9.61,1.42
-2.99,9.63,1.35
-3.02,9.61,1.36
-3.09,9.55,1.30
-3.07,9.65,1.35
-3.01,9.73,1.36
-3.01,9.72,1.35
-3.08,9.67,1.52
-3.06,9.80,1.40
-3.03,9.70,1.49
-3.03,9.74,1.52
-3.04,9.87,1.42
-3.01,9.81,1.38
-2.99,9.87,1.31
-2.99,9.87,1.31
-2.80,9.82,1.47
-2.82,9.76,1.44
-2.84,9.71,1.35
-2.84,9.71,1.35
-2.95,9.71,1.38
-3.00,9.73,1.54
-2.95,9.74,1.50
-3.02,9.81,1.39
-3.04,9.80,1.40
-2.93,9.92,1.38
-2.93,9.92,1.38
-2.88,9.88,1.43
-2.94,9.84,1.47
-2.95,9.86,1.37
-2.95,9.86,1.37
-2.93,9.67,1.35
-2.91,9.66,1.38
-2.96,9.92,1.32
-3.04,9.92,1.17
-2.99,9.82,1.39
-2.97,9.93,1.28
-2.90,9.82,1.53
-2.86,9.81,1.62
-2.75,9.82,1.60
-2.80,9.86,1.50
-2.91,9.70,1.36
-2.91,9.70,1.36
-3.08,9.62,1.39
-3.08,9.61,1.45
-3.29,9.70,1.30
-3.25,9.78,1.40
-3.12,9.60,1.45
-3.13,9.64,1.52
-3.07,9.85,1.54
-3.07,9.85,1.56
-2.92,9.74,1.49
-2.95,9.76,1.52
-2.95,9.88,1.13
-2.86,9.79,1.15
-2.98,9.74,1.28
-3.09,9.74,1.45
-2.96,9.70,1.34
-2.92,9.65,1.37
-2.90,9.61,1.34
-2.91,9.70,1.38
-2.92,9.72,1.36
-2.93,9.74,1.37
-2.92,9.69,1.35
-2.91,9.92,1.31
-2.96,9.85,1.29
-2.91,9.79,1.27
-2.89,9.89,1.31
-2.94,9.72,1.40
-2.99,9.75,1.43
-2.98,9.73,1.35
-2.99,9.81,1.35
-2.90,9.81,1.40
-2.87,9.87,1.40
-2.99,9.72,1.38
-2.87,9.71,1.41
-2.90,9.80,1.34
-2.91,9.82,1.46
-2.93,9.76,1.42
-2.90,9.76,1.39
-2.85,9.84,1.49
-2.98,9.85,1.58
-2.96,9.77,1.47
-2.94,9.74,1.42
-2.96,9.77,1.40
-2.95,9.74,1.46
-2.95,9.74,1.46
-2.99,9.79,1.44
-3.02,9.78,1.38
-3.01,9.93,1.38
-3.01,9.93,1.38
-2.95,9.78,1.41
-2.94,9.80,1.47
-2.92,9.83,1.52
-2.93,9.84,1.43
-2.91,9.71,1.45
-2.87,9.70,1.43
-2.85,9.75,1.51
-2.94,9.71,1.55
-2.96,9.81,1.44
-2.96,9.78,1.42
-2.98,9.77,1.38
-2.98,9.77,1.46
-2.95,9.82,1.36
-2.94,9.82,1.39
-2.89,9.80,1.45
-2.96,9.87,1.40
-2.94,9.74,1.51
-2.96,9.72,1.48
-2.92,9.75,1.46
-2.95,9.79,1.39
-2.94,9.74,1.48
-2.92,9.77,1.47
-3.01,9.62,1.38
-2.96,9.61,1.40
-2.86,9.80,1.42
-2.87,9.78,1.45
-2.98,9.68,1.50
-2.91,9.69,1.48
-2.96,9.75,1.44
-2.99,9.76,1.36
-2.94,9.95,1.42
-2.99,9.97,1.40
-3.03,9.77,1.49
-2.97,9.76,1.39
-2.95,9.91,1.41
-2.93,9.90,1.45
-2.97,9.76,1.38
-3.00,9.72,1.45
-2.89,9.76,1.51
-2.89,9.76,1.51
-2.90,9.78,1.47
-2.88,9.71,1.49
-2.98,9.75,1.50
-2.99,9.76,1.42
-2.96,9.77,1.40
-2.99,9.80,1.41
-2.97,9.76,1.42
-2.82,10.03,1.37
-3.16,9.56,1.43
-3.07,9.70,1.34
-2.90,9.70,1.39
-2.99,9.62,1.38
-3.10,9.67,1.30
-3.07,9.85,1.29
-3.03,9.98,1.45
-2.97,9.92,1.38
-3.02,9.41,1.42
-2.99,9.90,1.47
-3.09,9.78,1.31
-2.96,9.63,1.11
-2.83,9.52,1.51
-2.88,9.56,1.66
-3.26,9.73,1.44
-3.32,9.94,1.49
-3.21,9.82,1.47
-3.05,9.92,1.44
-3.06,9.54,1.48
-2.98,9.75,1.56
-2.88,9.78,1.58
-2.96,9.78,1.58
-2.95,9.80,1.67
-3.04,9.83,1.55
-2.95,9.74,1.55
-2.96,9.75,1.64
-3.04,9.76,1.61
-2.97,9.75,1.56
-2.95,9.75,1.56
-3.07,9.74,1.61
-2.95,9.74,1.54
-2.95,9.74,1.54
-2.94,9.86,1.52
-2.96,9.79,1.57
-2.96,9.77,1.49
-2.96,9.75,1.57
-2.92,9.76,1.38
-2.88,9.69,1.43
-2.72,9.62,1.47
-2.82,9.59,1.54
-2.75,9.43,1.53
-2.60,9.45,1.56
-2.48,9.44,1.70
-2.51,9.54,1.67
-2.06,9.51,1.49
-1.96,9.40,1.54
-1.22,9.30,1.68
-1.23,9.28,1.74
-0.83,8.93,2.25
-0.83,8.93,2.25
-0.24,8.95,2.57
-0.09,8.94,2.79
0.12,9.03,3.08
-0.01,8.97,3.42
-0.00,9.30,3.76
-0.00,9.48,3.81
-0.38,10.01,3.98
-0.43,10.06,4.07
-0.42,10.03,4.72
-0.43,9.98,4.86
-0.62,10.03,5.32
-0.32,9.87,5.16
-0.16,10.34,4.83
-0.16,10.34,4.83
1.31,10.56,5.77
1.64,10.65,5.78
3.79,12.34,6.73
4.07,9.96,6.04
6.13,9.55,6.84
6.18,8.96,6.87
7.82,8.59,7.04
7.43,9.50,7.13
7.73,10.27,7.95
7.67,10.13,8.27
7.59,8.57,7.61
7.49,8.00,7.46
6.75,7.33,6.88
6.47,6.93,6.63
5.45,6.37,7.09
5.45,6.37,7.09
5.46,5.00,8.10
5.29,5.16,8.16
5.93,7.40,4.88
4.85,5.91,1.01
7.44,12.78,-23.21
7.94,9.09,0.26
8.83,8.28,0.25
9.97,7.29,-1.79
10.28,5.20,-2.82
8.34,5.77,-2.16
8.86,4.89,-1.65
8.49,3.27,-0.63
8.44,3.26,-0.60
8.80,1.81,-0.53
10.55,0.49,-1.06
11.48,-0.19,-1.49
10.61,0.10,-0.23
11.23,-0.68,0.52
11.01,0.09,0.68
10.69,1.74,1.53
11.19,1.44,2.11
11.10,0.94,1.67
9.81,0.21,1.38
9.98,1.16,2.55
10.65,2.74,2.76
9.41,3.29,3.77
9.40,4.33,3.00
8.99,4.57,2.51
12.03,8.45,1.80
10.04,5.81,-2.24
10.07,5.65,-1.58
12.24,3.20,0.63
12.82,1.56,1.39
12.28,-1.77,2.07
12.11,-1.82,1.57
11.78,-1.08,1.14
10.88,-0.06,0.79
10.21,1.35,0.68
9.87,1.37,0.72
9.23,0.34,1.13
9.47,0.15,1.56
9.75,0.50,1.86
9.86,0.81,1.94
9.43,1.00,2.08
9.45,0.96,2.23
9.81,1.16,2.50
9.81,1.16,2.50
10.76,1.69,2.36
10.80,1.71,2.21
10.26,1.76,1.46
10.26,1.76,1.46
10.19,1.33,1.19
10.10,1.22,1.07
10.09,1.54,0.95
10.11,1.52,0.99
11.03,2.08,1.37
11.32,2.52,1.25
10.79,2.59,0.23
10.57,2.30,0.01
10.64,1.76,-0.50
10.80,1.74,-0.55
10.26,1.55,-1.24
10.18,1.77,-1.11
10.45,2.31,-0.79
10.33,2.32,-0.55
10.84,1.70,0.07
10.96,1.82,-0.02
9.86,2.63,0.07
9.30,2.56,0.22
9.75,3.37,0.71
9.44,3.55,0.82
8.41,3.36,1.50
8.30,3.24,1.73
8.31,3.53,1.57
8.22,3.87,1.61
7.64,4.32,1.69
7.60,4.44,1.68
7.22,4.61,1.77
7.41,4.70,1.82
7.92,5.06,1.64
8.41,4.94,1.84
9.98,4.75,2.14
10.39,4.72,2.02
11.82,5.00,2.45
12.82,5.39,2.79
16.12,5.87,3.48
16.38,5.44,3.30
15.39,2.31,1.44
14.94,1.40,1.21
10.87,2.03,1.94
10.84,1.87,1.97
11.85,1.95,2.32
12.11,1.87,2.62
12.21,0.24,2.20
12.03,0.67,2.25
12.17,2.95,1.88
11.83,3.45,2.14
10.44,3.67,3.51
10.21,3.45,3.68
9.48,4.87,3.38
9.11,5.75,3.22
6.10,5.83,2.94
5.74,4.61,3.41
4.07,5.83,5.91
4.12,5.57,4.54
3.61,5.71,4.17
3.55,6.17,4.21
2.85,6.24,4.61
3.58,7.06,5.23
4.18,7.39,5.27
4.22,7.59,5.45
5.22,7.54,6.13
4.92,7.30,6.25
4.05,8.17,6.13
4.05,8.17,6.13
2.50,8.41,5.68
2.63,8.52,6.43
1.95,8.17,6.64
1.95,8.17,6.64
-0.73,7.78,5.71
-0.81,8.53,6.05
-1.68,7.46,6.47
-2.09,7.41,6.38
-2.27,8.50,5.26
-2.70,7.60,5.00
-5.38,8.17,3.62
-5.04,8.68,3.60
-4.83,10.42,4.50
-4.23,10.30,4.76
-2.44,10.60,5.33
-1.62,11.29,5.01
-1.80,11.75,4.28
-2.60,11.72,3.75
-2.79,12.72,2.87
-3.34,12.02,2.50
-4.81,10.44,2.94
-5.09,10.24,2.83
-5.29,9.54,2.75
-5.27,9.28,2.88
-5.48,7.82,2.80
-5.45,8.18,2.75
-4.91,8.38,2.18
-5.33,7.76,2.28
-4.79,8.61,1.77
-5.49,9.56,0.75
-4.19,8.63,0.41
-3.06,8.44,0.06
-2.95,7.78,0.70
-5.16,7.12,-0.08
-5.83,9.31,2.08
-7.24,10.48,1.33
-7.34,8.74,0.81
-5.02,8.38,0.53
-3.26,8.21,0.83
-5.15,8.13,1.12
-5.02,9.77,0.51
-5.55,7.53,-0.36
-5.44,8.17,-0.51
-5.87,6.79,-0.84
-5.54,8.12,-1.36
-5.82,6.71,-0.46
-5.85,7.05,-0.87
-5.86,7.66,-1.73
-5.78,7.54,-2.17
-6.38,7.58,-2.21
-6.28,7.34,-1.59
-6.18,7.16,-1.22
-5.93,7.30,-1.34
-5.89,7.55,-1.39
-5.80,7.28,-0.93
-5.30,7.83,-0.74
-4.77,8.62,-0.38
-4.81,7.65,-0.74
-4.70,7.90,-0.90
-4.73,7.87,-0.70
-4.62,6.45,-0.05
-3.32,6.85,1.27
-4.11,6.77,4.12
-4.50,7.52,3.27
-4.98,8.82,4.88
-4.55,9.34,5.31
-3.43,9.15,6.61
-2.88,8.97,6.73
-1.00,10.93,8.29
0.10,9.20,7.31
3.13,10.29,9.35
3.39,8.77,7.63
5.18,7.28,7.92
5.67,6.15,7.70
6.70,4.88,7.72
7.90,3.44,7.64
8.70,3.36,7.59
9.08,2.85,7.90
8.92,2.43,7.41
8.84,2.84,6.96
8.59,2.75,6.41
8.58,2.15,6.01
8.71,2.00,6.06
8.90,1.89,5.91
8.97,1.72,5.89
9.10,2.14,5.28
8.88,2.24,4.89
8.72,3.21,3.28
8.83,3.84,3.05
8.85,4.58,2.59
8.85,4.58,2.59
9.49,4.16,2.36
9.64,3.96,2.25
9.57,3.80,1.07
9.54,2.98,1.76
9.99,2.26,2.12
10.04,2.03,2.14
9.87,1.76,2.06
9.87,1.76,2.06
10.07,1.01,1.91
10.31,0.89,1.95
10.59,0.22,1.60
10.49,0.04,1.38
11.13,0.19,1.40
11.13,0.19,1.40
10.60,0.26,0.92
10.91,-0.46,1.61
10.51,0.61,0.03
10.58,1.06,0.13
10.64,-0.05,0.37
10.61,-0.31,0.41
10.21,-0.29,0.31
10.10,-0.18,0.26
10.04,0.20,0.30
10.09,0.22,0.34
10.20,-0.14,0.59
10.17,-0.31,0.63
10.50,-0.15,0.80
10.59,0.02,0.81
10.79,0.05,0.70
10.84,-0.10,0.61
10.59,-0.56,0.31
10.55,-0.55,0.26
10.49,-0.11,0.45
10.47,0.08,0.57
10.40,-0.00,0.82
10.34,-0.21,0.81
10.40,-0.62,0.68
10.42,-0.59,0.66
10.35,-0.14,0.41
10.36,-0.08,0.45
10.43,0.05,0.49
10.49,0.08,0.59
10.58,-0.39,0.93
10.55,-0.41,0.94
10.36,-0.42,1.01
10.42,-0.38,0.88
10.39,-0.01,0.85
10.42,0.04,0.74
10.36,0.08,0.61
10.33,0.08,0.60
10.28,0.41,0.77
10.29,0.44,0.83
10.24,0.29,0.84
10.24,0.21,0.84
10.17,0.00,0.55
10.13,-0.02,0.53
10.33,0.09,0.60
10.24,0.28,0.47
10.29,0.73,0.80
10.40,0.93,0.87
10.89,1.54,1.08
11.00,1.53,1.08
11.08,-0.44,1.05
11.08,-0.44,1.05
10.70,-0.39,0.88
10.54,-0.04,0.82
10.25,0.90,0.78
10.19,1.05,0.83
10.16,1.24,1.00
10.09,1.20,1.07
10.50,1.29,1.52
10.58,1.34,1.52
10.58,1.02,1.46
10.51,0.94,1.45
10.68,0.87,1.71
10.76,1.01,1.70
10.79,1.09,1.56
10.79,1.09,1.56
10.70,1.38,2.11
10.99,1.45,2.12
11.32,1.77,2.51
11.19,1.54,2.17
10.91,1.70,1.83
10.90,2.06,1.55
10.70,3.42,1.16
10.64,3.83,1.09
9.71,4.67,1.98
9.16,4.18,2.14
9.01,4.31,2.10
8.65,3.82,2.20
8.55,3.98,2.24
8.26,4.39,2.43
8.54,4.68,2.51
8.62,5.02,2.69
8.66,5.42,2.90
8.71,4.93,3.27
8.53,4.74,3.07
8.92,5.44,3.73
10.46,5.12,3.08
9.19,5.68,6.70
8.85,5.02,7.46
7.83,4.89,7.57
6.19,5.19,7.29
5.23,6.03,6.86
4.85,5.79,6.48
5.47,5.45,7.03
6.70,4.88,8.31
7.21,5.08,8.55
7.04,5.10,7.86
6.63,5.90,7.49
6.29,5.72,7.17
6.09,6.13,7.42
6.64,7.99,7.51
5.61,5.27,7.53
5.11,6.76,6.90
5.10,6.05,7.26
5.69,6.07,7.21
5.31,4.45,7.35
6.49,7.09,7.50
6.60,6.21,7.43
6.60,5.54,6.76
7.63,6.51,5.77
6.28,4.81,5.54
7.29,6.16,5.30
5.89,7.12,5.43
7.05,5.59,6.03
7.46,4.75,6.68
7.53,4.60,6.44
8.34,6.71,5.88
7.12,4.98,5.47
6.63,4.81,5.74
6.06,3.20,5.73
5.40,5.00,5.27
4.74,6.47,5.32
4.97,6.97,5.24
5.57,7.22,7.31
5.48,5.58,7.51
5.31,5.21,7.20
5.83,5.58,7.60
6.48,5.32,7.93
6.37,3.89,8.81
6.64,4.23,9.34
6.11,3.79,8.96
5.91,4.57,9.28
6.10,3.71,9.59
4.55,4.17,9.60
5.34,3.84,9.04
4.56,3.09,9.66
3.55,4.32,9.09
3.56,4.46,9.08
3.59,5.01,9.43
3.78,5.56,9.48
3.80,5.44,8.97
4.44,5.15,8.28
4.43,4.68,8.40
4.67,4.85,8.56
5.82,6.65,9.75
5.82,6.65,9.75
6.45,4.77,9.67
6.03,4.03,9.20
5.47,4.22,7.69
5.74,5.06,7.15
6.14,5.22,6.08
6.06,5.10,6.02
6.15,5.53,5.68
6.48,5.90,5.77
7.97,4.36,5.77
7.72,3.92,5.02
8.34,4.12,4.69
8.31,4.34,4.58
9.20,6.41,3.55
9.09,6.23,3.47
9.10,4.28,3.63
9.10,4.28,3.63
8.95,4.57,3.93
9.24,4.33,3.87
9.35,4.11,3.97
9.20,4.62,4.62
9.18,5.39,4.26
9.99,7.79,5.29
9.73,7.89,5.31
7.12,5.41,3.53
6.75,5.35,3.71
7.04,5.38,4.07
7.13,5.45,4.48
6.64,6.39,5.15
7.17,6.24,5.44
7.05,5.35,6.27
6.98,5.77,6.24
6.12,7.47,6.02
5.98,7.41,6.09
6.08,7.83,5.95
5.76,6.97,6.27
5.52,8.24,5.67
5.57,8.94,5.60
5.64,7.87,5.49
5.80,7.69,5.69
6.04,7.39,5.88
6.33,7.57,5.74
6.73,7.48,5.17
7.04,7.59,4.97
6.48,6.32,4.77
6.60,6.51,4.76
6.07,5.86,5.42
5.57,5.79,5.74
5.84,7.82,6.15
5.47,7.62,6.06
5.01,6.48,6.21
5.38,6.40,6.25
5.63,6.96,6.15
5.68,7.01,6.01
5.54,8.26,5.68
5.40,8.57,5.64
5.20,7.66,5.81
5.44,7.48,6.02
5.63,7.00,5.65
5.66,6.74,5.64
5.35,7.09,5.87
5.05,7.64,5.84
5.52,7.18,6.32
5.84,6.43,6.59
7.45,6.68,4.75
6.96,7.17,4.56
8.22,6.44,4.45
8.45,5.80,4.98
8.84,3.02,4.20
9.25,2.98,4.06
9.84,6.14,3.50
9.64,6.69,3.45
7.97,7.86,5.12
7.64,7.43,5.90
5.19,6.21,7.25
4.06,7.09,7.66
3.13,6.93,8.21
1.57,7.56,8.89
2.27,11.13,6.38
3.11,9.71,6.29
2.88,5.58,6.53
3.87,5.45,6.93
5.65,6.47,6.56
5.84,6.25,6.00
6.28,8.14,5.60
7.49,7.70,5.46
6.63,10.31,6.86
6.60,10.21,6.05
6.13,7.29,5.86
6.24,7.45,5.51
7.82,9.41,4.43
7.82,9.41,4.43
6.49,10.01,5.80
5.91,10.08,5.62
4.42,7.41,5.98
4.42,7.41,5.98
3.78,3.87,7.43
4.42,2.66,7.81
5.33,2.32,6.71
5.33,2.32,6.71
5.69,5.81,7.43
5.68,6.76,7.53
3.47,5.69,8.03
3.09,5.26,8.32
3.94,5.05,7.39
3.66,5.27,7.42
6.93,9.50,6.23
8.10,7.01,6.81
11.67,10.10,3.15
9.55,7.94,4.96
6.69,6.30,7.38
2.22,6.19,7.72
1.68,6.19,8.29
2.26,6.91,7.68
5.24,7.85,7.49
6.20,6.45,7.33
6.23,6.74,7.03
6.09,6.59,6.26
5.74,4.62,6.85
5.32,6.10,7.71
5.49,4.90,7.18
5.85,6.46,6.47
6.35,6.39,6.50
6.21,5.84,6.95
6.52,6.98,6.51
5.55,7.42,6.30
4.36,6.98,7.51
3.66,6.29,7.93
4.59,6.78,6.80
4.16,8.07,6.03
5.08,7.87,6.80
3.86,9.83,5.56
4.43,6.35,6.04
4.95,10.03,5.43
4.91,6.03,6.37
4.21,5.78,6.16
5.16,7.34,6.61
5.24,8.35,6.96
5.77,7.24,6.52
5.31,7.64,7.04
3.01,7.03,7.10
3.21,7.44,6.04
3.05,8.03,6.34
3.77,7.12,6.91
4.72,7.59,6.52
5.75,5.78,6.29
6.88,8.47,6.88
5.86,6.09,7.12
5.17,5.21,6.83
5.46,6.59,8.17
4.21,6.85,7.47
4.52,7.60,6.63
5.54,7.07,6.87
5.34,6.22,6.99
5.25,5.98,7.29
5.33,6.46,7.21
5.28,6.34,7.33
5.09,6.69,7.11
5.13,6.49,7.19
5.16,5.37,7.43
4.28,6.41,6.88
4.35,7.59,6.81
4.60,7.41,7.48
5.83,6.61,7.23
5.74,5.91,6.64
6.89,6.04,6.65
7.43,4.99,7.14
6.43,6.16,6.90
2.50,6.96,6.64
4.67,8.32,5.09
5.57,8.16,6.23
4.98,7.15,7.02
5.20,5.57,6.86
4.10,6.98,7.41
5.60,6.56,7.23
4.39,5.74,7.48
4.79,7.13,6.49
5.44,8.91,6.39
5.83,6.69,6.29
6.45,5.29,6.72
6.38,7.14,7.70
5.22,6.58,6.99
5.63,7.24,6.70
6.87,7.59,6.22
9.17,6.20,5.81
4.21,7.88,7.80
4.04,7.41,5.36
4.48,6.51,5.54
4.99,6.93,6.08
7.54,7.12,5.56
10.04,7.55,5.46
8.83,8.66,5.27
8.33,9.09,5.27
7.94,8.20,5.57
7.60,8.26,5.56
6.70,8.74,5.59
5.00,7.12,6.11
4.72,7.33,5.79
6.06,5.90,5.42
6.53,5.10,5.35
5.76,5.72,4.89
5.09,6.81,4.78
6.00,8.62,4.67
5.88,8.67,5.24
4.47,8.97,4.79
4.36,8.45,4.91
4.08,8.37,4.08
4.08,8.37,4.08
3.21,9.49,3.67
2.36,9.60,3.30
2.66,8.44,3.02
2.14,8.78,2.77
2.14,9.63,2.39
1.92,9.12,2.65
0.79,9.99,2.56
1.07,10.53,2.61
0.70,9.19,2.67
1.63,8.66,2.51
2.96,6.99,1.48
3.49,7.30,1.70
1.43,7.76,2.10
0.66,8.12,2.15
0.87,9.51,3.12
1.28,10.13,3.55
1.55,10.26,4.10
2.14,10.14,4.15
2.78,9.66,3.48
2.78,9.66,3.48
1.48,7.47,4.11
1.00,7.21,4.85
1.25,6.94,8.32
1.25,6.94,8.32
5.28,8.56,10.92
6.50,9.89,10.97
4.75,4.95,9.64
4.75,4.95,9.64
3.96,5.05,8.45
3.96,5.03,8.30
4.57,3.40,7.81
4.33,3.30,8.16
6.70,5.80,8.67
6.78,6.48,8.76
6.47,6.18,9.15
7.17,4.71,9.81
8.81,8.99,9.10
8.88,9.38,9.00
5.79,4.56,6.66
5.97,5.34,6.70
6.18,2.94,7.48
8.29,4.46,7.60
7.84,3.09,6.93
8.98,5.86,6.69
8.60,4.84,6.50
8.79,8.12,5.32
6.87,7.62,5.90
6.48,8.96,5.57
5.48,8.49,5.37
4.86,7.93,5.15
4.67,7.80,4.02
4.04,7.78,3.99
4.05,9.16,3.03
3.08,7.21,3.35
3.44,9.93,2.99
2.84,8.68,2.65
2.62,9.59,2.32
3.37,8.55,1.54
4.05,7.89,1.57
5.11,10.00,2.37
4.62,8.91,2.45
4.73,8.44,1.32
5.38,9.04,0.26
2.83,8.97,0.41
4.79,11.34,0.61
4.70,8.32,0.85
5.28,9.79,1.49
5.97,10.33,1.63
6.31,9.95,1.54
6.39,9.58,1.12
7.28,10.30,0.81
7.27,10.21,0.73
7.58,9.61,0.84
7.76,9.65,0.50
7.16,10.19,0.78
7.16,10.05,1.07
6.16,9.29,1.49
5.80,9.28,1.46
4.61,10.21,1.18
4.14,10.34,1.27
3.50,9.80,1.23
3.68,10.06,1.01
3.73,9.75,0.81
3.39,10.19,0.63
3.21,10.62,0.25
3.40,10.69,0.45
3.99,11.15,0.34
4.26,10.86,-0.21
3.29,11.33,-0.37
3.12,11.67,-0.35
3.55,12.41,-0.56
4.06,12.30,-0.64
4.65,12.02,-0.77
4.68,11.59,-0.18
4.24,11.44,0.54
4.04,12.25,-0.12
4.19,13.89,-0.94
3.81,13.56,-0.98
2.87,13.82,-0.84
2.65,13.35,-1.49
2.15,13.46,-0.70
2.48,13.02,-0.82
3.42,11.65,0.04
3.14,11.05,-0.96
2.26,10.81,-1.20
2.26,10.81,-1.20
3.59,6.69,0.64
0.08,7.78,-5.14
4.97,7.45,-1.03
4.97,7.45,-1.03
2.80,3.50,-3.74
2.43,3.30,-3.72
1.49,3.23,-4.08
1.49,2.78,-3.86
0.43,2.45,-4.05
0.49,3.08,-3.86
-0.39,3.43,-3.82
-0.39,3.43,-3.82
-0.95,4.08,-1.85
-1.20,4.12,-1.22
-1.07,5.94,-1.58
-1.07,5.94,-1.58
-0.61,9.83,-0.35
-0.77,10.34,0.51
1.31,10.89,2.09
3.27,11.78,3.58
3.29,10.50,2.14
3.46,12.24,5.59
4.35,12.35,3.90
5.14,11.78,5.49
4.40,9.53,6.36
5.30,11.29,5.22
5.42,11.18,5.35
3.98,8.15,6.65
5.58,10.43,5.89
4.97,8.67,6.45
5.15,8.78,6.33
4.79,7.46,6.57
4.76,8.09,6.53
4.80,8.02,5.90
4.86,7.78,6.26
4.88,8.23,5.86
4.69,7.38,6.00
4.65,8.13,5.85
4.58,7.66,5.80
4.49,8.06,5.91
4.34,7.82,5.73
3.88,9.00,5.24
3.60,8.64,5.21
4.05,7.06,4.88
4.23,7.85,5.18
4.60,7.44,4.92
5.28,7.53,4.93
5.28,7.53,4.93
6.09,7.57,5.65
6.11,7.51,5.42
7.08,7.05,5.29
7.02,6.71,5.12
6.71,7.98,5.14
7.06,8.74,5.48
5.68,8.26,5.74
5.68,8.26,5.74
5.46,7.78,5.80
6.95,6.08,5.22
7.20,6.30,4.92
6.92,8.18,5.00
6.85,8.30,5.01
6.09,7.63,5.64
5.80,7.51,5.56
5.28,7.39,5.77
5.59,6.99,5.86
4.90,7.59,5.59
4.91,7.64,5.70
4.99,7.17,6.00
5.08,7.03,6.11
5.09,7.06,5.93
5.28,7.56,5.65
5.64,7.76,6.02
5.50,8.14,6.01
5.23,7.38,6.51
5.31,7.19,6.28
5.64,6.92,6.00
5.79,7.24,6.07
5.54,7.38,6.15
5.51,7.58,6.11
5.56,7.21,6.05
5.71,7.18,5.99
5.79,7.04,6.02
5.90,7.14,6.13
5.73,7.09,6.15
5.71,7.06,6.16
5.63,7.21,6.35
5.52,7.17,6.23
5.52,7.04,6.19
5.71,6.69,6.19
5.68,6.86,6.25
5.63,7.23,6.26
5.54,7.20,6.11
5.82,7.06,6.29
5.68,7.11,6.24
5.68,6.80,6.40
5.74,6.90,6.30
5.75,6.61,6.04
5.85,6.96,6.07
6.02,6.50,6.21
6.02,6.50,6.21
5.84,7.22,6.12
5.76,7.30,6.05
6.04,6.90,6.09
5.89,6.84,6.13
5.97,6.51,6.10
5.75,6.93,6.03
5.88,6.93,6.19
5.57,7.05,6.13
5.94,6.86,6.03
5.89,7.08,6.14
6.09,6.53,6.21
5.97,6.57,6.09
5.73,7.47,5.90
5.73,7.17,6.02
6.16,6.94,6.05
6.10,7.03,6.17
6.25,7.24,6.16
6.40,7.44,6.09
6.68,7.17,6.00
6.68,7.17,6.00
6.05,6.81,6.86
6.27,7.14,6.56
4.64,7.92,5.66
4.64,7.92,5.66
4.61,7.98,6.08
4.49,8.06,6.02
4.87,8.06,5.54
4.87,8.06,5.54
4.53,8.13,6.86
4.94,8.33,7.03
3.92,7.85,6.96
3.89,7.83,6.80
3.53,6.42,6.43
3.74,6.17,6.55
4.34,7.84,6.77
4.32,7.63,6.84
3.64,6.61,7.01
3.66,6.86,6.88
3.75,8.00,6.78
3.81,7.94,6.70
4.09,7.22,6.73
3.96,7.17,6.74
3.93,7.98,6.64
3.93,7.98,6.64
3.54,7.29,6.79
3.39,7.22,6.80
3.86,7.32,6.54
3.86,7.32,6.54
3.58,7.01,6.90
3.64,7.05,6.85
4.01,8.06,6.47
4.10,7.99,6.40
4.13,7.24,6.24
4.31,7.35,6.30
5.39,7.16,7.26
5.06,6.86,7.20
4.77,6.29,7.02
4.59,6.25,6.90
4.62,6.49,6.74
4.85,7.10,6.85
4.71,7.40,6.65
4.97,7.66,6.72
4.85,7.66,6.68
4.57,6.92,6.65
4.54,7.22,6.64
4.46,7.22,6.62
5.14,7.27,6.25
4.81,7.09,6.70
4.91,7.15,6.75
4.97,7.42,6.64
4.20,7.23,6.93
4.61,7.01,6.82
5.12,7.19,7.31
5.08,6.73,7.16
4.74,7.60,7.70
4.29,6.57,7.48
4.35,7.17,7.18
5.16,7.18,7.49
5.43,7.09,6.77
5.44,6.75,6.33
5.59,6.77,6.65
5.63,6.07,6.76
5.32,6.27,6.97
4.98,6.82,6.52
4.92,6.40,4.97
5.74,6.81,4.90
6.35,6.76,5.92
6.19,6.74,5.82
5.68,6.47,6.03
5.41,6.19,6.35
5.10,6.24,6.81
4.91,6.91,7.26
5.09,7.47,7.49
4.96,7.36,7.05
5.22,6.77,7.13
5.23,6.56,6.85
5.19,6.47,7.19
5.01,7.07,7.45
4.52,7.11,6.93
4.56,6.82,7.14
4.81,7.21,7.21
4.99,7.12,6.91
4.92,7.47,7.05
4.83,7.47,6.88
4.98,8.08,6.61
4.67,7.18,6.49
4.89,6.41,6.17
5.46,7.12,6.02
5.24,7.01,6.31
5.00,6.94,6.53
5.02,6.99,6.77
5.02,6.69,6.74
5.24,6.77,6.66
5.27,6.91,6.66
5.29,6.98,6.75
5.23,7.01,6.77
5.21,7.04,6.70
5.21,7.04,6.70
5.15,6.24,7.39
5.03,6.08,7.24
4.90,6.15,6.62
4.90,6.15,6.62
5.09,7.13,6.84
5.11,7.33,7.00
5.07,7.41,7.27
5.07,7.41,7.27
4.91,6.75,7.11
4.89,6.74,7.04
5.18,6.43,6.87
5.16,6.52,6.83
5.08,6.76,7.01
5.09,6.93,7.03
5.03,6.70,7.22
5.03,6.47,7.14
5.10,6.28,7.25
5.00,6.56,7.14
4.77,7.00,6.89
4.69,6.90,6.83
4.91,6.67,6.80
4.97,6.77,6.90
4.96,7.19,7.16
4.89,7.19,7.18
4.80,6.56,6.92
4.80,6.56,6.92
5.06,6.64,6.92
5.04,6.78,6.95
4.92,6.91,7.27
4.92,6.91,7.27
4.89,6.68,6.98
4.92,6.70,6.98
5.12,7.15,7.15
5.17,7.17,7.25
5.12,7.47,7.24
5.03,7.26,7.21
4.96,6.30,7.13
4.95,6.52,7.13
4.97,6.32,6.95
4.93,6.47,6.78
4.87,7.22,6.70
4.88,7.27,6.71
4.76,7.20,6.70
4.78,7.19,6.79
4.85,7.19,6.59
4.87,7.11,6.70
5.14,6.75,6.83
5.11,6.46,6.17
5.19,7.04,6.80
5.21,6.91,6.82
5.16,7.43,6.83
5.09,7.32,6.71
5.39,7.06,6.51
5.22,6.91,6.59
5.23,7.01,6.74
5.19,6.98,6.64
5.13,6.93,6.62
5.09,7.14,6.65
5.10,6.55,6.73
5.11,6.36,6.81
5.52,6.63,6.41
5.48,6.78,6.42
5.19,6.71,6.19
5.19,6.71,6.19
5.19,7.41,6.26
4.97,7.18,6.11
4.87,7.19,6.12
4.92,6.99,6.27
5.09,6.61,6.77
5.15,6.67,6.81
5.14,7.31,6.61
5.32,7.70,6.55
5.07,7.38,6.55
5.07,7.19,6.69
5.23,6.82,6.67
5.32,7.00,6.36
5.30,6.87,6.36
5.40,6.93,6.66
5.40,6.93,6.66
5.32,6.77,6.41
5.23,6.72,6.39
5.19,6.87,6.44
5.19,6.87,6.44
5.38,7.26,6.46
5.31,7.22,6.49
5.52,7.60,6.39
5.52,7.60,6.39
5.22,6.77,6.48
5.07,6.62,6.50
5.45,6.91,6.64
5.58,7.08,6.59
5.62,6.50,6.42
5.70,6.75,6.44
5.91,7.20,6.64
5.77,7.37,6.67
5.18,7.77,6.20
5.20,7.90,6.21
5.33,7.57,6.53
5.28,7.38,6.49
5.38,7.24,6.22
5.38,7.24,6.22
5.48,7.26,6.18
5.46,7.33,6.07
5.07,7.46,6.01
5.25,7.24,6.06
4.78,7.86,6.32
5.22,8.44,5.96
5.29,7.27,5.56
5.56,7.94,5.61
4.89,8.38,5.50
5.06,8.43,5.75
5.32,7.94,4.98
5.08,8.96,5.96
4.64,9.18,4.97
4.18,9.43,5.57
4.03,10.79,5.16
4.15,9.77,5.55
4.37,9.40,4.89
4.09,9.38,4.93
4.14,9.35,4.64
4.36,8.84,4.28
4.83,9.17,3.53
4.22,9.12,3.24
4.92,9.99,2.41
4.34,9.96,2.40
4.36,10.50,1.56
3.58,9.69,1.78
3.13,10.93,1.06
2.51,10.50,1.00
2.70,10.46,0.40
3.03,9.52,0.10
3.65,10.43,-0.08
3.68,9.86,-0.25
3.34,11.20,-1.94
3.31,9.96,-1.90
2.35,10.12,-2.32
1.89,9.49,-2.31
2.35,8.64,-2.58
2.57,9.47,-3.19
2.15,8.36,-4.11
1.74,8.60,-4.49
1.55,8.41,-4.73
1.40,8.45,-5.18
1.41,7.27,-4.81
1.25,7.55,-5.31
1.14,7.73,-5.59
1.15,6.79,-6.00
1.06,7.72,-6.02
1.18,6.30,-5.98
1.05,6.35,-6.15
1.36,5.95,-6.29
1.24,6.08,-6.43
1.18,6.01,-6.44
0.89,6.36,-6.72
1.48,6.74,-7.43
1.39,8.53,-7.40
2.26,6.04,-7.21
2.16,6.45,-7.01
2.14,6.64,-6.72
2.29,6.28,-7.27
1.97,6.91,-6.79
2.34,6.44,-7.09
2.35,6.96,-7.22
1.83,6.86,-7.09
1.56,6.10,-6.83
1.86,7.34,-7.02
2.36,6.71,-7.24
2.17,7.17,-7.22
2.40,6.93,-7.20
2.56,6.60,-7.01
2.41,7.13,-7.46
2.37,6.59,-6.89
2.40,6.05,-6.80
2.49,6.92,-7.06
2.50,7.33,-7.04
2.38,6.79,-6.93
2.20,7.03,-7.02
2.02,6.49,-7.02
2.24,6.92,-7.08
2.22,7.04,-6.99
1.96,6.58,-6.95
2.06,6.59,-6.94
2.24,6.47,-7.05
2.06,6.56,-6.94
2.18,6.72,-7.01
2.37,6.66,-7.09
2.23,7.05,-7.07
2.10,6.79,-6.89
2.30,6.96,-7.08
2.40,6.70,-6.90
2.35,7.01,-7.02
2.22,7.08,-7.02
2.30,6.56,-6.81
2.28,6.94,-6.78
2.32,6.76,-6.80
2.38,6.79,-6.90
2.38,6.85,-7.07
2.43,6.82,-7.07
2.23,6.80,-6.90
2.17,6.59,-6.88
2.01,6.73,-6.72
2.03,6.52,-6.83
2.25,6.88,-7.00
2.36,6.89,-6.93
2.40,7.07,-7.09
2.35,7.05,-7.01
2.34,6.73,-6.92
2.28,6.73,-6.86
2.10,6.82,-6.87
2.07,6.82,-6.86
2.35,7.07,-6.89
2.35,7.07,-6.89
2.28,6.97,-6.84
2.23,6.94,-6.79
2.34,6.59,-6.87
2.34,6.56,-7.05
2.29,6.53,-6.93
2.32,6.73,-6.88
2.30,6.83,-6.93
2.33,6.50,-6.78
2.40,6.70,-6.73
2.37,6.62,-6.82
2.17,7.05,-6.99
2.25,7.04,-6.96
2.23,6.72,-6.82
2.12,6.59,-6.71
2.23,7.21,-6.77
2.23,7.21,-6.77
2.20,7.09,-6.74
2.13,6.98,-6.82
1.99,6.66,-6.73
1.99,6.66,-6.73
2.31,7.33,-6.75
2.38,7.23,-6.81
2.20,7.19,-6.52
2.20,7.19,-6.52
1.75,7.21,-6.83
1.85,6.78,-6.73
2.34,7.21,-6.39
2.30,7.34,-6.44
2.06,7.01,-6.29
2.06,7.19,-6.16
2.19,7.51,-6.54
1.94,7.14,-6.46
1.82,7.48,-5.98
2.10,7.71,-6.09
2.22,8.03,-6.21
1.75,7.25,-6.17
2.27,7.00,-6.15
1.63,6.95,-5.96
1.12,7.75,-6.24
1.57,8.33,-6.24
1.40,7.70,-5.80
1.68,6.83,-5.17
1.58,8.03,-5.49
0.99,8.77,-5.29
1.76,9.07,-4.85
1.83,8.40,-5.08
1.02,8.91,-4.97
1.07,8.76,-5.05
1.91,9.04,-4.60
1.72,8.67,-4.20
2.08,10.70,-4.97
1.83,9.76,-4.48
1.46,11.21,-4.93
2.42,11.28,-4.40
1.54,9.71,-4.47
0.70,11.71,-5.75
1.33,9.97,-5.20
1.54,8.75,-5.56
1.05,7.02,-5.07
2.00,8.15,-4.99
0.87,5.41,-5.67
-0.45,7.98,-7.31
1.95,5.85,-6.71
1.96,7.16,-6.65
1.23,5.53,-6.23
3.43,5.79,-6.19
1.92,7.04,-6.73
2.73,7.22,-6.96
2.05,7.88,-6.73
3.94,8.42,-6.67
1.87,7.65,-6.82
4.31,7.58,-6.24
1.45,7.08,-6.23
2.21,6.81,-6.79
3.35,7.14,-6.69
2.06,8.06,-6.63
4.17,7.87,-6.48
2.85,7.18,-6.23
3.09,6.93,-6.23
3.40,6.36,-6.42
2.67,7.35,-6.49
4.02,7.44,-6.57
1.48,6.42,-6.56
4.14,7.13,-6.77
3.08,6.71,-6.79
3.01,7.09,-6.66
2.79,7.43,-6.79
3.64,6.54,-6.83
2.98,6.86,-6.68
3.06,6.82,-6.66
3.25,6.93,-6.69
2.65,6.70,-6.96
2.41,6.67,-6.96
3.69,7.05,-6.92
3.62,6.98,-6.93
2.58,6.97,-6.89
2.72,6.92,-6.68
3.87,6.69,-6.81
3.55,6.86,-7.06
3.07,7.04,-6.69
3.20,6.42,-6.43
3.45,6.87,-6.44
3.76,7.14,-6.56
4.16,7.26,-6.36
3.64,6.72,-6.33
2.46,6.80,-6.88
2.44,6.58,-7.03
3.14,6.46,-6.82
3.25,6.62,-6.73
2.74,6.25,-6.94
3.19,6.76,-6.79
3.46,6.47,-6.48
3.08,6.67,-6.60
3.41,7.19,-6.96
3.41,7.19,-6.96
2.64,6.59,-6.84
2.60,6.54,-7.02
3.93,6.94,-6.81
3.93,6.94,-6.81
3.08,6.77,-6.68
3.61,7.06,-6.65
3.82,6.87,-6.84
3.30,6.83,-6.72
3.14,6.93,-6.78
4.30,6.72,-6.87
3.27,6.65,-6.69
2.45,6.74,-6.63
4.02,6.64,-6.99
3.72,6.81,-7.01
2.88,7.09,-6.78
2.81,6.63,-6.52
3.50,6.06,-6.77
3.50,6.06,-6.77
3.19,6.89,-6.57
3.66,6.55,-6.70
2.58,6.98,-6.95
2.58,6.98,-6.95
3.32,6.37,-6.53
3.31,6.47,-6.75
2.64,6.73,-7.13
2.99,6.94,-7.03
3.05,6.84,-6.70
3.38,6.81,-6.81
3.26,6.95,-6.74
3.02,6.85,-6.59
3.19,6.26,-6.77
3.30,6.51,-6.93
2.97,6.80,-6.88
3.22,7.05,-6.64
3.29,6.54,-6.85
2.54,6.44,-6.81
3.62,6.78,-6.74
2.74,6.68,-6.81
3.49,6.75,-7.00
3.24,6.31,-6.67
3.11,6.59,-6.81
2.91,6.54,-6.85
3.64,6.93,-6.90
2.96,6.63,-6.70
2.75,6.61,-6.54
3.44,6.84,-6.52
3.38,7.19,-6.66
2.74,7.07,-6.92
3.21,6.39,-6.69
3.10,6.62,-6.63
3.07,6.81,-6.94
3.28,7.02,-6.77
2.75,6.89,-7.01
3.58,6.77,-6.66
3.07,6.88,-6.64
3.30,6.59,-7.08
2.74,6.69,-6.73
3.06,6.72,-6.97
3.09,6.95,-6.55
3.47,7.00,-7.08
3.49,7.04,-6.87
2.78,6.60,-6.80
2.98,6.63,-6.79
3.45,7.33,-6.88
3.31,6.99,-6.65
3.09,6.34,-6.65
3.05,6.59,-6.68
3.15,6.46,-6.82
2.49,6.33,-6.70
2.70,6.47,-7.00
3.42,6.65,-7.06
2.58,6.87,-6.55
2.43,6.72,-6.71
3.57,6.76,-7.02
3.16,6.94,-6.96
2.87,6.29,-6.63
2.87,6.29,-6.63
3.50,7.11,-7.01
3.79,7.34,-6.91
2.68,6.26,-6.64
2.85,6.21,-6.85
3.65,7.07,-6.85
3.27,6.84,-6.66
2.60,6.17,-6.75
2.83,6.57,-6.84
3.56,7.04,-6.73
3.23,6.77,-6.50
3.35,6.80,-6.97
3.21,7.11,-6.93
2.72,6.80,-6.69
2.76,6.30,-6.70
3.27,6.99,-6.93
3.33,7.08,-6.89
2.78,6.42,-6.71
2.89,6.25,-6.78
2.64,6.68,-6.92
2.91,6.95,-6.86
3.14,6.33,-6.78
2.81,6.54,-6.84
3.43,6.87,-6.88
3.28,6.99,-6.76
2.80,6.77,-6.87
2.91,6.89,-7.00
3.11,6.45,-6.58
3.30,6.40,-6.69
2.82,6.65,-6.76
2.96,6.95,-6.86
3.05,6.90,-6.89
3.62,7.31,-6.91
3.39,7.07,-6.76
2.55,6.48,-6.95
3.05,6.63,-7.04
2.85,7.10,-6.81
2.71,7.12,-6.67
3.38,6.62,-6.89
3.31,6.97,-6.76
2.67,7.14,-6.72
2.84,6.29,-6.64
2.84,7.38,-6.93
3.25,6.83,-6.72
2.90,7.18,-6.77
3.43,6.50,-6.86
2.99,6.18,-6.47
3.45,7.36,-6.84
3.01,6.72,-6.79
3.29,7.10,-7.02
2.57,6.42,-6.65
3.43,7.14,-6.90
3.29,6.69,-6.82
2.76,7.02,-6.88
3.26,6.70,-6.81
2.42,6.58,-6.91
3.87,6.82,-6.95
2.15,7.01,-6.78
3.28,7.01,-6.88
2.37,6.24,-6.51
3.51,7.11,-7.01
2.62,6.53,-6.65
3.47,7.48,-6.87
2.51,6.46,-6.98
3.38,7.01,-6.68
2.99,6.59,-6.75
3.19,7.05,-6.66
2.59,6.66,-6.87
3.22,6.49,-6.64
2.55,7.00,-6.63
3.54,6.97,-6.77
1.82,6.11,-6.45
1.19,4.94,-8.47
47.73,-0.96,20.40
-8.34,20.94,-5.02
-2.52,13.72,-11.16
0.29,10.55,-8.29
7.81,9.68,-4.05
3.28,7.38,-4.28
1.21,6.91,-5.67
1.37,7.09,-6.63
1.75,8.06,-6.54
2.43,7.85,-6.66
1.85,8.10,-6.12
1.33,7.96,-5.95
1.36,7.80,-5.89
1.39,8.18,-5.96
1.15,8.23,-6.07
0.81,8.03,-6.13
0.36,7.60,-6.47
0.08,7.49,-6.58
-0.41,7.23,-6.68
-0.58,7.03,-7.03
-0.89,7.00,-7.15
-0.98,7.03,-7.11
-0.88,6.97,-6.91
-0.85,7.06,-6.88
-0.59,7.41,-6.91
-0.59,7.41,-6.91
0.13,7.68,-6.66
-0.07,7.45,-6.71
-0.22,7.32,-6.13
-0.12,7.30,-6.01
-0.20,6.92,-6.07
-0.15,6.98,-6.15
-0.60,6.82,-6.25
-0.81,6.74,-6.20
-1.25,6.51,-6.43
-1.52,6.54,-6.51
-1.55,6.93,-6.55
-1.57,6.80,-6.61
-1.99,6.74,-6.81
-2.14,6.80,-6.80
-2.34,7.25,-7.11
-2.34,7.24,-7.08
-2.31,7.79,-7.05
-2.23,7.58,-7.04
-2.75,7.28,-7.07
-2.81,7.27,-7.03
-2.88,7.26,-7.12
-2.87,7.15,-7.06
-2.80,7.13,-6.94
-2.74,7.03,-6.93
-2.61,6.82,-6.73
-2.61,6.82,-6.73
-2.39,6.89,-6.61
-2.44,6.81,-6.63
-2.22,6.80,-6.59
-2.13,6.88,-6.62
-1.82,7.25,-6.40
-1.77,7.21,-6.45
-1.73,6.77,-6.26
-1.78,6.79,-6.32
-1.83,6.85,-6.29
-1.80,6.86,-6.44
-2.11,7.02,-6.52
-2.16,6.90,-6.59
-2.28,6.82,-6.58
-2.36,6.98,-6.80
-2.41,6.94,-6.77
-2.35,7.04,-6.82
-2.35,6.82,-6.77
-2.21,6.84,-6.74
-1.95,6.40,-6.37
-1.85,6.12,-6.06
-1.61,6.17,-5.15
-1.79,6.29,-5.38
-1.29,6.84,-6.84
-1.41,6.57,-6.62
-1.99,5.48,-5.44
-1.90,5.09,-5.42
-1.69,5.80,-4.33
-1.69,5.80,-4.33
-2.50,7.25,-4.14
-2.56,7.62,-4.42
-1.95,7.47,-4.00
-1.83,7.96,-3.82
-1.65,9.51,-5.24
-1.65,9.51,-5.24
-2.41,7.07,-3.25
-2.29,7.21,-3.11
-1.67,8.87,-2.37
-1.67,8.87,-2.37
-0.89,9.80,-2.22
-0.67,10.50,-1.94
-0.96,11.58,-1.60
-1.03,12.15,-1.97
-1.74,12.22,-2.22
-1.94,12.07,-2.37
-2.27,12.18,-1.28
-2.14,11.20,-2.54
-3.95,12.03,-3.81
-3.99,11.83,-3.25
-6.59,10.88,-3.47
-5.76,9.69,-2.28
-4.36,8.48,-1.79
-4.17,8.63,-1.62
-2.26,10.30,-1.33
-1.71,10.42,-1.04
-1.95,9.65,-0.52
-1.97,9.66,-0.28
-0.68,9.07,0.13
-1.43,8.86,-0.51
0.15,9.64,0.49
-0.47,9.45,0.87
-0.81,10.32,1.33
-0.51,10.49,1.10
1.75,9.54,1.45
1.45,9.72,1.21
0.97,9.97,1.38
0.97,9.97,1.38
3.10,10.60,1.73
3.30,10.57,1.46
4.39,11.50,1.54
4.62,11.00,1.39
5.10,10.99,1.45
5.10,10.99,1.45
5.28,11.34,1.28
5.46,11.14,1.40
4.79,10.69,1.71
4.89,10.61,1.71
4.74,10.25,2.20
5.00,10.27,2.29
6.00,9.54,2.52
5.81,9.22,2.77
4.58,9.18,2.55
4.56,9.22,2.36
4.90,8.80,1.93
5.00,8.76,1.77
5.46,9.33,2.15
5.90,9.47,2.03
5.47,8.91,1.72
5.44,9.33,1.32
5.91,9.32,1.71
5.21,9.48,1.81
4.67,9.09,1.56
4.61,10.38,1.13
3.73,11.13,0.50
2.96,11.46,-0.13
2.45,12.91,-0.61
2.74,14.00,-0.32
3.28,13.36,0.85
2.23,13.20,0.78
1.69,12.43,0.77
2.70,11.92,0.82
3.18,10.12,0.39
2.96,9.53,-0.26
3.24,8.54,-3.27
3.65,5.27,-2.18
2.69,5.33,-3.95
1.55,4.29,-4.47
1.12,3.46,-3.65
0.36,4.70,-2.89
0.25,4.82,-2.43
-1.64,7.95,-1.23
-1.65,6.56,-0.69
-1.66,10.66,0.36
-0.89,9.14,0.20
-0.04,11.22,1.07
2.01,12.46,1.60
2.93,11.65,3.52
2.94,12.57,5.01
3.98,10.49,5.04
3.07,10.32,5.67
2.60,8.34,6.51
3.07,9.04,7.18
4.31,8.17,7.26
6.18,9.52,7.17
6.56,8.74,6.89
7.31,9.56,6.93
6.72,7.16,6.93
6.16,6.94,7.18
5.59,6.67,7.10
5.06,6.74,7.00
5.33,6.36,7.06
5.23,6.62,7.08
4.82,6.96,6.82
4.98,6.60,6.93
5.00,6.49,7.02
5.34,6.73,6.93
5.23,6.78,6.98
5.09,6.60,6.81
4.84,7.12,6.92
4.66,6.81,6.93
4.50,7.12,6.78
4.43,7.08,6.93
4.67,6.98,6.81
4.32,6.86,6.50
4.05,7.11,6.44
4.47,6.77,6.31
6.08,7.39,6.40
5.73,7.49,6.42
4.69,9.82,6.29
5.54,5.42,7.61
6.56,4.86,7.28
6.42,7.43,6.62
4.91,6.70,6.97
4.62,7.72,6.57
4.55,7.72,6.40
4.45,7.72,6.53
4.40,7.77,6.75
4.27,8.13,6.36
3.75,7.20,6.62
4.21,7.54,6.60
4.72,6.95,6.52
3.91,7.45,6.81
4.39,6.67,6.79
3.80,7.38,6.83
4.14,7.21,6.81
4.48,6.87,6.89
3.93,8.07,6.80
4.01,7.34,7.10
3.69,7.45,6.93
4.37,6.81,6.86
5.02,6.79,7.04
4.84,7.13,6.95
5.23,7.11,6.87
4.78,6.83,6.98
5.28,7.25,7.29
4.62,6.86,7.28
5.11,6.42,6.94
5.18,6.69,7.00
5.09,6.92,6.99
4.97,6.37,6.87
5.03,6.69,7.04
4.98,6.47,6.96
5.21,6.73,7.06
5.09,6.79,6.95
5.21,6.17,7.20
5.07,7.24,7.02
5.43,7.01,7.05
5.41,7.21,6.98
5.22,6.82,8.07
4.15,7.20,6.59
4.24,7.45,7.19
4.46,7.68,6.47
5.13,7.50,6.64
3.28,6.02,6.83
3.12,6.69,7.33
3.39,7.18,7.29
3.12,7.34,7.07
2.98,7.13,7.47
3.12,7.44,7.43
3.32,7.49,7.39
3.36,7.28,7.46
3.20,7.26,7.33
3.24,7.14,7.12
3.66,7.51,6.89
3.47,7.37,6.93
3.87,7.14,7.05
4.16,6.81,7.01
4.06,6.82,7.28
4.43,7.01,7.36
4.55,5.97,7.58
4.48,5.82,7.51
4.66,5.64,7.38
4.64,5.80,7.50
4.22,6.63,7.47
4.10,6.54,7.57
4.02,6.22,7.72
3.93,6.44,7.78
4.15,7.09,7.66
4.17,7.09,7.49
4.23,7.04,7.22
4.19,7.04,7.26
4.35,6.92,7.30
4.30,7.06,7.31
4.45,7.43,7.55
4.35,7.16,7.60
4.34,6.67,7.64
4.33,6.77,7.60
4.16,6.69,7.75
4.21,6.50,7.79
4.28,6.05,7.81
4.27,6.16,7.81
4.45,6.13,7.76
4.41,5.97,7.90
5.20,6.23,7.48
5.51,6.22,7.44
4.34,6.52,8.15
4.66,6.61,8.02
4.74,6.38,7.86
4.69,6.44,7.77
4.94,5.62,8.06
4.73,5.45,8.15
5.15,6.32,7.94
5.19,6.39,8.03
5.19,5.99,8.03
5.05,5.69,8.05
4.81,5.87,7.68
4.97,6.05,7.70
5.07,5.98,7.41
4.89,5.87,7.42
4.95,6.08,7.38
5.06,6.24,7.46
5.19,5.64,7.36
5.30,5.55,7.40
5.09,6.34,7.49
5.05,6.61,7.44
5.03,6.63,7.14
5.03,6.63,7.14
5.52,6.83,7.01
5.48,6.70,7.04
5.23,6.03,7.03
5.23,6.03,7.03
4.96,5.95,7.27
4.77,5.62,7.56
4.84,5.66,7.54
4.94,5.94,6.92
5.11,6.13,6.78
4.89,6.04,6.52
4.88,6.06,6.51
4.98,6.53,6.55
5.16,6.78,6.71
5.45,6.95,7.22
5.65,6.81,7.22
6.20,6.29,6.97
6.20,6.29,6.97
6.01,5.38,7.56
5.79,5.31,7.72
5.10,5.83,7.91
5.10,5.83,7.91
4.34,6.06,7.98
4.37,6.01,8.02
4.38,6.08,8.02
4.47,6.23,8.04
5.20,6.03,7.72
5.25,6.05,7.48
5.35,6.19,7.11
5.26,6.28,6.93
4.82,6.77,7.18
4.82,6.92,7.26
4.82,7.05,7.47
4.95,7.05,7.52
5.06,6.96,7.46
5.06,6.96,7.46
4.83,7.00,7.23
4.88,6.98,7.25
4.91,6.70,7.04
4.77,6.61,7.09
4.81,6.59,7.33
4.79,6.81,7.38
4.88,6.54,7.60
4.79,6.45,7.58
4.68,6.51,6.89
4.77,6.70,6.76
4.82,6.93,6.56
4.84,7.01,6.57
5.20,7.36,6.60
5.20,7.36,6.60
5.05,6.87,6.96
4.95,6.73,7.17
4.48,6.64,7.04
4.48,6.64,7.04
5.15,6.50,6.93
5.20,6.71,6.79
4.92,6.59,7.14
4.92,6.53,7.29
5.00,6.34,7.14
4.91,6.63,7.33
4.83,6.69,7.18
4.80,6.71,7.03
4.89,6.74,7.32
4.99,6.26,7.35
4.86,6.40,7.40
4.87,6.75,7.31
4.85,6.45,7.11
4.75,6.81,7.44
4.90,6.36,7.39
4.98,6.90,7.30
4.81,6.92,7.24
4.84,6.64,7.26
5.10,6.69,7.30
4.72,6.59,7.11
4.74,7.11,7.38
5.01,6.68,7.30
5.18,6.70,7.13
5.09,7.02,6.98
4.75,7.08,6.76
5.06,6.61,7.01
5.35,6.54,7.07
4.95,6.73,6.46
5.23,7.53,6.01
5.19,7.95,6.14
5.04,7.04,6.75
5.00,6.67,6.93
5.00,6.90,7.03
5.00,6.90,7.03
5.40,6.18,6.99
5.55,6.43,6.89
5.05,7.59,6.14
5.05,7.59,6.14
4.72,8.48,6.78
4.56,8.51,6.79
4.24,7.98,6.71
4.24,7.98,6.71
4.54,7.94,6.70
4.73,7.98,6.50
4.46,8.13,6.15
4.46,8.13,6.15
3.99,7.57,6.16
3.82,7.51,6.27
4.19,8.28,6.86
4.19,8.28,6.86
4.70,7.68,6.57
4.65,7.85,6.25
4.28,8.17,5.91
4.01,7.90,6.03
4.38,8.22,6.20
4.33,8.70,6.30
4.33,10.23,6.46
4.15,8.80,6.25
3.42,8.86,6.31
4.04,11.56,6.23
3.14,8.45,6.48
3.43,9.17,6.21
2.38,7.03,4.93
2.96,11.23,5.76
4.20,9.99,5.40
3.96,8.92,5.43
3.50,8.60,4.73
3.63,9.30,4.96
4.19,10.98,4.77
3.95,10.86,4.71
3.22,9.85,4.51
3.42,10.32,4.38
2.96,9.94,4.24
2.96,9.94,4.24
3.52,9.91,3.15
3.51,10.27,2.65
3.31,10.68,2.69
3.31,10.68,2.69
3.20,10.54,2.49
3.16,10.97,2.27
3.43,10.72,1.48
3.46,10.76,1.68
2.94,11.24,1.42
3.01,11.21,1.31
3.27,10.94,0.92
3.37,11.07,0.85
3.66,9.90,0.20
3.66,9.90,0.20
3.74,10.18,-0.08
3.67,9.58,-0.16
2.40,9.06,-3.19
3.01,8.99,-1.60
2.92,8.72,-1.62
2.86,8.83,-1.90
2.77,8.36,-1.99
2.74,8.55,-2.95
3.22,8.65,-4.89
2.18,7.38,-3.12
2.43,8.89,-3.86
2.70,9.00,-3.71
1.96,9.08,-4.21
1.84,8.93,-4.21
1.39,8.32,-3.83
1.34,8.36,-3.65
1.34,6.93,-4.28
0.96,7.42,-4.85
0.90,9.10,-5.54
0.73,9.02,-5.69
0.46,8.39,-5.68
0.47,7.75,-5.54
0.56,8.41,-5.70
0.56,8.41,-5.70
0.42,6.36,-5.72
0.33,6.88,-5.81
0.47,7.28,-5.97
0.47,7.28,-5.97
0.19,6.17,-5.86
-0.10,6.46,-6.37
0.11,6.16,-6.13
0.09,6.56,-6.25
-0.09,6.03,-6.32
0.25,5.85,-6.41
1.05,6.31,-6.49
0.97,6.24,-6.42
0.72,6.88,-6.38
0.72,6.88,-6.38
1.00,5.70,-6.92
1.34,5.68,-6.68
1.03,6.13,-6.19
1.03,6.13,-6.19
1.36,7.40,-7.40
1.18,7.25,-7.36
0.86,6.84,-7.13
0.86,6.84,-7.13
1.01,6.88,-8.01
1.10,7.23,-8.12
1.00,7.56,-7.23
1.07,7.62,-7.47
2.09,6.60,-7.69
2.29,5.70,-7.81
1.53,6.54,-6.65
1.24,6.79,-6.53
1.44,5.58,-7.08
1.12,6.49,-7.45
1.49,6.28,-7.48
1.96,5.91,-7.57
1.69,5.79,-7.43
1.90,5.95,-7.51
1.56,6.31,-7.20
2.11,7.60,-7.72
2.10,6.10,-7.15
1.95,6.43,-7.39
1.37,6.85,-7.14
1.51,6.64,-7.12
1.79,6.75,-7.32
1.82,6.70,-7.32
1.99,6.70,-7.20
1.57,6.90,-7.34
1.78,6.47,-7.18
1.93,6.41,-7.22
1.86,7.24,-7.33
1.65,6.47,-7.15
1.71,6.32,-7.23
1.75,6.46,-6.98
1.75,6.46,-6.98
1.72,6.60,-7.22
1.79,6.66,-7.11
1.75,6.17,-7.14
1.71,6.66,-7.08
1.49,6.72,-7.09
1.55,6.76,-7.15
1.63,6.59,-7.29
1.87,6.55,-7.53
1.87,6.90,-7.45
1.71,6.93,-7.33
1.67,6.78,-7.40
1.88,6.50,-7.17
1.85,6.53,-7.19
2.05,5.90,-7.11
1.78,6.40,-7.38
1.86,6.71,-7.56
1.83,6.70,-7.38
1.67,6.33,-7.28
1.88,6.58,-7.16
2.17,6.58,-7.46
2.34,6.36,-7.23
1.96,6.42,-7.49
1.84,6.18,-6.80
2.16,6.13,-7.22
2.07,7.19,-7.46
1.86,5.00,-7.40
1.69,7.42,-6.86
2.01,6.20,-7.28
2.29,7.32,-6.99
2.71,6.70,-6.90
2.17,6.82,-6.80
2.23,6.95,-6.92
2.06,6.90,-6.69
1.87,6.59,-6.66
1.97,6.98,-6.69
2.10,6.25,-6.71
2.30,6.56,-6.54
2.08,6.39,-6.64
1.79,6.27,-6.67
1.87,7.11,-7.32
1.42,7.38,-7.26
0.98,6.60,-6.43
1.15,6.61,-6.58
1.39,6.00,-6.92
1.57,6.32,-6.89
2.87,7.44,-6.50
2.87,7.44,-6.50
2.76,7.60,-6.22
2.59,7.40,-6.26
2.19,6.70,-5.47
1.80,6.62,-5.54
2.01,6.28,-5.98
1.54,6.66,-6.17
2.47,7.43,-6.78
1.75,8.27,-6.99
1.25,8.14,-5.81
0.93,7.96,-5.41
2.25,8.61,-5.41
2.25,8.61,-5.41
3.18,7.97,-5.79
2.71,8.27,-5.91
0.80,9.08,-5.27
0.80,9.08,-5.27
2.23,9.60,-6.65
2.48,10.62,-6.50
2.39,8.88,-5.48
2.39,8.88,-5.48
1.14,9.25,-6.33
1.04,9.90,-6.66
0.28,9.74,-5.15
0.28,9.74,-5.15
1.36,9.61,-5.95
0.93,10.03,-5.98
1.38,9.33,-6.92
0.91,9.84,-7.20
2.14,9.25,-6.81
1.15,8.56,-6.34
1.19,6.93,-6.30
1.25,6.23,-5.87
1.65,7.20,-6.08
2.18,8.07,-6.09
3.82,7.46,-5.23
3.28,8.33,-5.54
0.73,6.20,-5.86
1.43,5.97,-5.93
1.97,7.84,-6.54
1.97,7.84,-6.54
2.23,6.48,-6.26
2.07,6.05,-6.30
3.06,7.55,-6.18
2.96,7.53,-6.11
1.70,6.63,-5.81
1.75,6.10,-6.06
1.23,8.09,-6.93
2.36,6.88,-6.02
3.69,7.49,-5.99
3.01,8.10,-6.13
2.00,7.20,-6.07
3.06,8.06,-6.73
3.25,8.27,-6.88
3.18,7.09,-5.96
3.53,6.60,-6.44
1.89,7.96,-6.65
3.53,7.36,-6.74
3.58,7.77,-6.62
3.78,7.44,-6.26
2.73,7.27,-6.38
3.16,6.92,-6.32
3.74,7.90,-7.05
1.97,6.59,-6.81
3.25,5.30,-6.22
1.71,5.06,-6.71
2.88,7.53,-7.28
3.38,5.92,-6.84
3.01,6.46,-6.95
2.94,5.65,-7.10
3.49,6.90,-7.20
2.04,6.13,-6.93
4.10,7.14,-6.57
2.58,7.89,-7.10
3.87,7.33,-6.84
3.45,7.13,-6.88
2.24,6.81,-6.88
3.12,6.97,-6.81
3.21,6.85,-6.88
2.92,6.75,-6.81
3.44,6.98,-6.82
3.18,6.57,-6.58
3.11,6.79,-6.55
3.11,6.79,-6.55
3.14,6.54,-6.62
3.14,6.54,-6.62
3.80,7.02,-6.88
3.80,7.02,-6.88
2.11,6.12,-6.92
1.97,5.98,-6.82
3.64,6.55,-7.07
3.37,6.68,-6.95
2.49,6.50,-6.84
3.19,6.54,-6.83
3.57,7.37,-6.84
3.20,7.24,-6.84
2.59,6.29,-6.75
2.85,6.28,-6.77
3.00,6.36,-6.88
2.38,6.19,-6.81
3.05,6.45,-6.88
3.34,6.90,-7.08
2.83,6.91,-6.74
2.29,6.61,-6.83
3.52,7.26,-7.00
4.01,7.36,-6.96
3.04,6.94,-6.54
3.02,6.19,-6.54
3.51,6.80,-6.68
3.56,6.67,-6.59
3.25,6.53,-6.48
3.97,6.81,-6.66
3.40,7.42,-6.71
2.99,7.06,-6.58
2.93,6.41,-6.77
3.06,6.44,-6.96
2.81,6.59,-6.75
2.99,6.31,-6.76
3.18,6.70,-6.72
2.91,6.84,-6.97
3.11,7.44,-6.79
3.14,7.22,-6.76
3.21,6.33,-6.86
2.99,6.60,-6.71
3.17,6.46,-6.44
3.15,6.14,-6.47
3.00,6.77,-6.95
3.31,7.17,-6.93
3.11,6.29,-6.59
2.82,6.25,-6.66
3.15,6.97,-6.97
3.20,7.12,-6.87
3.10,6.50,-6.75
2.81,6.56,-6.75
2.43,6.59,-7.05
2.65,6.40,-6.85
3.81,7.04,-6.71
3.84,7.08,-6.87
2.81,7.10,-6.95
2.71,7.11,-6.91
3.66,7.04,-6.96
3.51,6.83,-6.79
2.83,6.51,-6.44
3.11,6.11,-6.49
3.22,7.24,-6.88
3.24,7.14,-6.77
2.93,6.22,-6.78
2.96,6.48,-6.83
3.48,7.14,-6.94
3.22,6.74,-6.81
2.68,6.39,-6.67
2.74,6.50,-6.68
3.28,6.83,-6.65
2.77,6.59,-6.81
3.40,6.78,-6.89
3.40,6.78,-6.89
2.52,7.45,-6.89
2.56,7.00,-6.89
3.68,6.78,-6.70
2.65,6.29,-6.54
2.54,6.17,-6.75
3.00,6.95,-7.01
3.79,7.49,-7.05
2.29,6.40,-6.70
2.12,6.38,-6.77
3.90,7.24,-6.93
3.98,7.13,-6.75
2.38,6.23,-6.54
3.10,6.57,-6.68
3.53,6.74,-6.56
3.03,6.73,-6.50
3.48,7.03,-7.07
3.73,6.97,-7.10
2.79,6.84,-6.82
2.45,6.75,-6.70
3.48,7.25,-6.88
3.45,7.14,-6.92
2.72,7.18,-6.77
2.75,7.10,-6.56
3.80,6.87,-6.56
3.80,6.87,-6.56
3.09,6.87,-6.53
2.75,6.66,-6.53
3.68,6.90,-6.79
3.63,6.90,-6.89
2.89,6.78,-6.70
2.75,6.58,-6.72
2.99,6.56,-6.61
2.96,7.34,-7.00
3.31,6.59,-6.57
3.57,7.44,-6.69
2.93,6.71,-6.84
2.85,6.33,-6.52
3.08,6.32,-6.67
3.27,7.50,-6.61
3.16,6.99,-6.59
3.10,6.66,-6.54
3.14,7.39,-6.92
3.18,6.68,-6.72
3.15,6.92,-6.55
3.12,6.52,-6.86
3.34,7.03,-6.59
2.87,7.01,-6.87
2.61,6.67,-6.74
3.66,7.03,-6.69
2.60,6.43,-6.35
3.52,7.40,-7.00
2.55,7.00,-6.66
2.78,7.17,-6.65
3.26,6.29,-6.51
2.89,6.51,-6.40
0.42,5.59,-8.08
9.44,9.27,-3.44
-3.11,5.38,10.45
5.17,5.24,1.25
2.69,12.29,-10.18
1.85,9.29,-6.30
1.48,7.17,-5.48
0.06,7.32,-5.95
-0.20,6.03,-6.76
0.09,7.07,-6.91
0.46,7.43,-7.11
0.83,7.91,-6.85
-0.01,7.42,-6.61
-0.06,7.92,-6.90
-0.42,7.34,-7.06
-0.37,7.21,-6.86
-0.86,6.76,-6.76
-0.58,7.11,-6.90
-1.13,6.83,-7.16
-0.88,6.96,-7.17
-1.37,6.75,-7.21
-1.61,6.34,-7.26
-1.24,6.76,-7.00
-1.28,6.36,-7.19
-1.19,6.99,-7.13
-1.12,6.81,-6.99
-1.11,6.79,-7.05
-1.02,6.92,-6.92
-1.01,6.49,-6.92
-1.11,6.52,-6.74
-1.07,6.94,-6.67
-1.13,6.47,-6.87
-1.50,6.59,-6.93
-1.53,6.81,-7.04
-1.56,7.00,-7.20
-1.60,7.06,-7.07
-1.80,6.74,-7.25
-1.80,6.74,-7.25
-1.73,6.81,-7.15
-1.76,6.68,-7.09
-1.81,6.50,-7.04
-1.79,6.46,-7.07
-1.79,6.39,-6.95
-1.74,6.27,-6.90
-1.59,6.44,-6.84
-1.64,6.40,-6.87
-1.56,6.71,-6.93
-1.50,6.78,-7.01
-1.43,6.80,-6.87
-1.51,6.89,-6.85
-1.60,6.69,-6.85
-1.44,6.74,-6.77
-1.29,6.95,-6.83
-1.28,6.88,-6.88
-1.42,6.65,-6.98
-1.58,6.44,-6.89
-1.30,5.90,-6.54
-1.35,5.73,-6.26
-1.03,5.42,-6.11
-1.02,5.64,-6.23
-1.18,6.22,-6.45
-1.22,6.27,-6.40
-2.32,5.99,-6.32
-2.68,6.58,-6.57
-3.25,7.67,-6.54
-3.26,7.95,-6.46
-2.12,8.01,-5.73
-2.12,8.01,-5.73
-1.18,8.00,-5.62
-1.16,7.59,-5.20
-1.81,6.45,-5.21
-1.81,6.45,-5.21
-1.59,6.81,-4.55
-1.41,6.65,-4.15
-1.10,7.94,-3.75
-1.39,8.39,-3.67
-1.78,9.07,-4.15
-1.72,9.15,-4.23
-1.83,9.53,-4.46
-1.69,9.86,-4.49
-1.65,10.53,-4.76
-1.45,10.13,-4.32
-1.03,10.07,-2.59
-1.03,10.07,-2.59
-0.18,9.45,-2.02
-0.29,9.19,-1.70
-0.70,9.58,-1.23
-0.70,9.58,-1.23
-1.11,9.63,-0.50
-1.15,9.42,-0.34
-1.32,10.18,0.85
-1.32,10.18,0.85
-1.66,9.00,2.09
-1.91,7.76,3.22
-3.31,10.50,0.21
-3.31,10.50,0.21
-1.73,11.59,1.01
-2.08,11.88,0.68
-1.73,11.90,0.47
-1.91,11.16,0.28
-3.16,11.07,0.65
-3.38,12.78,-0.82
-2.97,11.28,2.86
-3.06,10.73,1.41
-2.73,11.26,2.12
-2.45,11.35,2.80
-1.47,9.75,2.32
-1.47,9.75,2.32
-0.27,10.53,2.49
-0.22,9.98,2.41
0.69,9.93,2.43
1.29,9.67,2.04
3.01,11.28,2.72
3.41,10.65,2.74
4.86,10.01,2.88
4.82,10.51,2.96
5.51,10.37,3.44
5.55,9.88,3.43
5.60,9.51,3.05
5.98,9.79,3.08
5.55,9.69,3.28
5.63,8.90,3.30
5.44,8.94,3.03
5.66,9.38,2.96
5.78,9.99,2.45
5.59,9.86,2.49
5.94,8.72,2.67
6.02,8.87,2.84
5.79,9.90,2.74
5.46,10.14,2.40
4.60,9.19,2.76
4.92,9.08,2.53
4.66,9.86,1.80
4.31,10.19,2.06
4.20,9.62,2.46
4.20,9.35,2.41
4.56,9.74,2.49
4.90,10.16,2.45
4.81,10.11,2.45
4.76,10.10,2.34
5.13,8.95,1.63
5.13,8.95,1.63
4.87,11.14,0.85
4.73,11.19,0.71
4.96,11.40,0.67
4.96,11.40,0.67
4.73,10.44,0.86
3.95,11.65,-0.90
2.87,13.86,-1.19
1.95,13.91,0.21
1.63,12.53,0.92
1.94,10.83,0.59
1.83,10.22,-0.13
1.73,8.61,-1.92
2.53,5.95,-1.47
2.26,3.33,-2.89
1.60,3.51,-3.32
0.74,2.96,-2.12
0.14,3.14,-0.73
-0.66,3.82,0.17
-1.33,7.15,1.25
-1.97,7.59,2.18
-2.68,12.49,2.15
-1.60,12.00,3.68
0.43,12.75,5.21
0.43,13.30,6.53
1.29,11.51,7.50
1.92,12.86,6.89
1.99,11.02,6.47
1.73,10.72,6.18
1.92,10.09,6.53
2.26,8.77,6.97
2.72,8.98,7.52
3.24,8.16,7.79
3.57,7.67,7.75
4.12,8.35,7.53
4.25,8.81,7.57
3.96,8.33,8.11
3.74,7.26,8.18
4.54,6.88,7.95
4.72,7.70,7.56
3.72,8.16,6.77
3.72,8.16,6.77
4.00,7.05,6.36
4.18,7.29,6.24
4.46,7.53,6.59
4.46,7.53,6.59
4.04,7.43,6.80
4.23,7.49,6.78
4.36,7.73,6.63
4.33,7.57,6.63
4.21,7.98,6.54
4.15,8.07,6.53
4.06,7.92,6.41
4.08,7.88,6.43
3.90,8.09,6.31
4.07,8.00,6.44
3.54,8.43,6.45
3.52,8.27,6.32
3.56,7.96,5.75
3.22,8.32,5.51
3.62,8.06,5.89
3.58,8.04,5.86
4.83,7.24,5.61
5.14,7.37,5.82
4.11,8.36,6.25
4.07,8.48,5.95
6.72,6.58,6.18
7.25,5.97,6.31
6.21,7.14,6.04
6.21,7.14,6.04
5.74,8.42,6.70
5.42,7.29,6.65
4.59,7.27,6.38
4.42,7.60,6.28
4.57,7.36,6.26
4.40,7.20,6.13
4.65,6.68,6.06
4.55,6.99,6.00
5.79,7.15,5.89
5.76,6.82,5.84
5.88,6.80,6.19
5.57,7.30,6.23
5.01,7.05,6.68
5.01,7.05,6.68
4.44,8.37,6.64
4.14,8.67,6.49
4.19,6.58,6.30
4.19,6.58,6.30
4.71,7.37,6.59
4.78,7.55,6.68
4.52,7.63,5.88
5.17,8.07,6.07
5.05,7.52,6.53
5.05,7.52,6.53
5.00,7.30,6.70
4.89,7.25,6.60
5.11,7.05,6.64
5.11,7.05,6.64
4.72,7.21,6.84
4.71,7.22,6.85
4.87,7.06,6.74
4.87,7.06,6.74
5.10,7.33,6.77
5.13,7.25,6.83
5.16,7.15,6.60
5.10,7.08,6.69
5.13,7.10,6.67
5.01,7.27,6.67
4.99,6.75,6.67
5.08,6.56,6.67
4.78,7.38,6.81
4.82,7.35,7.04
5.25,6.83,6.92
5.17,6.91,6.89
4.80,6.95,6.94
4.71,7.17,6.93
5.28,6.69,6.59
5.19,6.93,6.77
4.79,6.81,6.83
4.81,7.23,6.70
4.92,7.00,6.75
5.07,6.91,6.75
5.03,6.74,6.82
5.08,6.74,6.74
5.03,7.19,6.89
4.79,7.18,6.83
4.98,6.94,6.76
5.04,6.71,6.63
4.80,7.16,7.02
4.97,6.83,7.01
4.98,6.97,6.59
5.03,7.05,6.67
5.25,7.27,6.88
5.30,7.29,6.85
5.50,6.72,7.03
5.50,6.72,7.03
5.56,7.76,7.02
5.59,7.41,7.00
4.86,7.01,7.40
4.80,6.98,7.75
3.65,7.77,7.31
3.44,7.85,7.15
3.27,8.47,6.53
3.03,8.54,6.70
3.29,8.14,6.11
3.84,7.88,6.07
3.87,6.80,7.09
3.50,6.93,6.97
3.09,6.88,7.05
3.16,7.28,7.46
3.81,6.45,8.02
3.35,7.98,7.64
2.76,7.06,7.20
3.12,6.79,6.95
3.25,7.62,7.04
3.40,7.04,7.28
3.16,7.11,7.36
2.63,7.63,7.31
2.88,7.06,6.99
2.95,7.19,7.36
3.02,7.32,7.25
4.28,7.56,7.84
4.43,7.14,7.62
4.28,7.30,7.46
4.50,6.29,7.33
4.84,6.84,7.85
4.85,5.69,7.79
4.74,5.75,7.44
4.10,6.18,7.41
4.27,6.23,7.43
4.08,7.12,7.31
3.52,7.21,7.71
2.92,7.30,8.22
2.99,7.44,7.76
3.19,7.55,7.52
3.61,6.54,7.38
3.62,6.47,7.37
4.31,6.67,7.39
4.58,6.68,7.51
5.50,7.13,7.73
5.38,7.14,7.69
4.78,6.76,7.66
4.79,6.78,7.64
4.53,6.95,7.32
4.54,6.81,7.52
4.86,6.92,7.66
4.77,6.78,7.42
4.22,6.49,7.24
4.12,6.57,7.25
3.62,7.02,7.21
3.66,7.25,7.08
3.43,6.89,6.92
3.61,6.92,7.07
3.95,8.15,6.67
4.07,8.09,6.66
3.61,6.98,6.77
3.76,7.12,6.92
4.29,7.72,7.12
4.34,7.68,7.29
4.57,6.74,7.44
4.57,6.74,7.44
4.98,7.35,7.30
5.07,7.09,7.35
4.53,7.19,7.62
4.53,7.19,7.62
4.86,7.56,6.95
4.69,7.23,6.89
4.80,6.73,7.27
4.80,6.73,7.27
4.50,6.73,7.26
4.05,6.29,7.14
4.47,6.80,7.18
4.39,7.03,7.18
4.15,6.85,7.12
4.34,6.43,7.12
4.85,6.89,7.28
4.97,7.30,7.20
4.29,6.84,7.21
3.94,7.30,7.00
4.17,7.51,6.97
3.44,7.29,7.10
3.46,7.02,7.04
4.00,7.34,6.89
4.00,7.34,6.89
4.61,7.31,6.91
4.77,7.12,7.09
4.75,7.53,7.28
4.75,7.53,7.28
4.64,7.45,7.37
4.81,7.73,7.38
4.67,7.00,6.62
4.67,7.00,6.62
4.06,6.73,6.51
4.01,6.68,6.48
3.98,7.12,5.95
4.00,7.23,6.07
4.76,7.77,6.44
5.27,7.14,6.53
4.54,6.09,7.29
4.15,6.27,7.41
4.24,7.12,7.21
4.45,7.25,7.01
4.82,6.42,6.67
4.89,6.02,6.67
4.98,6.17,7.18
5.04,6.37,7.28
5.13,6.57,7.31
5.16,6.51,7.38
5.28,6.38,7.15
5.25,6.49,7.21
5.23,6.79,7.07
5.18,6.69,7.20
4.79,6.75,7.18
4.67,6.87,7.22
4.49,6.64,7.60
4.49,6.64,7.60
4.55,6.29,7.62
4.81,6.44,7.59
5.08,6.76,7.56
5.14,6.76,7.44
4.81,6.73,6.82
4.75,6.81,6.83
4.91,7.60,7.20
4.83,7.49,7.30
5.30,7.17,7.35
5.42,7.15,7.35
5.54,7.52,7.40
5.42,7.54,7.28
5.24,7.30,7.33
5.11,7.15,7.20
4.79,6.66,6.79
4.82,6.69,6.78
5.05,6.64,6.58
4.98,6.52,6.62
5.00,6.11,6.53
5.02,6.21,6.39
4.92,6.70,6.32
4.98,6.81,6.36
5.20,6.36,6.81
5.34,6.30,6.95
5.55,6.45,6.97
5.50,6.63,6.90
5.20,6.30,6.97
5.20,6.30,6.97
5.28,6.71,7.09
5.32,6.83,7.00
5.14,6.74,7.09
5.29,6.60,7.28
5.26,6.51,7.44
5.31,6.62,7.34
5.14,6.57,7.14
4.98,6.58,7.08
4.87,6.53,7.19
4.77,6.46,6.87
4.89,6.73,6.84
4.89,7.19,7.22
4.94,7.29,7.38
4.55,6.56,7.26
4.55,6.56,7.26
4.86,6.84,7.26
4.88,6.85,7.40
4.86,6.48,7.44
4.86,6.48,7.44
4.38,6.53,6.94
4.41,6.73,7.05
4.84,6.90,7.41
5.05,7.05,7.40
4.89,7.08,7.26
5.07,7.06,7.31
4.97,7.21,7.23
4.89,6.84,7.35
4.61,6.45,7.46
4.53,6.67,7.32
4.78,7.02,7.31
4.71,7.12,7.10
4.72,7.19,6.91
4.77,7.03,6.81
5.01,7.46,7.09
4.92,7.46,7.10
4.83,6.78,7.28
4.85,6.74,7.35
5.01,6.48,7.36
5.07,6.47,7.31
4.79,6.39,6.94
4.86,6.58,6.96
5.15,7.24,6.46
4.97,7.19,6.29
4.52,7.15,6.29
4.69,7.72,6.31
4.62,7.83,6.09
4.56,7.48,6.14
5.01,6.97,6.07
4.97,6.94,5.90
4.85,6.86,5.89
4.77,7.05,6.23
4.99,7.56,6.36
4.99,7.56,6.36
4.76,7.97,6.36
4.86,8.70,6.06
4.48,8.48,5.86
4.48,8.48,5.86
4.41,8.62,6.64
4.41,8.62,6.64
4.34,7.72,6.73
4.39,7.64,6.08
4.37,8.51,6.53
4.58,9.10,6.15
4.44,7.84,6.13
3.75,9.05,5.50
3.92,9.10,6.14
3.44,8.58,5.44
3.97,10.15,5.87
4.44,8.54,4.83
3.73,9.70,4.81
3.23,10.55,4.43
3.25,11.50,4.45
3.18,9.39,4.66
2.98,10.33,3.23
2.25,10.20,3.28
1.87,10.19,2.92
2.73,11.53,2.11
3.25,11.43,1.66
3.79,11.70,1.73
3.36,11.16,0.95
3.27,10.68,-0.09
2.80,10.57,0.09
2.49,9.06,-0.18
2.77,8.77,0.97
3.29,7.99,-2.01
2.30,8.39,-3.03
1.76,8.39,-3.03
1.60,8.26,-3.13
1.83,7.02,-3.81
2.00,7.63,-4.06
2.42,8.42,-4.74
2.38,8.17,-4.66
2.06,8.14,-4.61
2.28,8.46,-4.51
1.88,8.42,-4.90
1.59,8.03,-4.89
1.29,8.25,-5.19
1.18,8.43,-5.22
0.83,8.71,-6.02
0.83,8.71,-6.02
1.20,6.88,-5.85
1.17,7.17,-5.69
1.24,6.88,-5.72
1.24,6.88,-5.72
1.43,6.70,-6.16
1.38,7.13,-6.32
1.69,7.61,-6.77
1.69,7.23,-6.68
0.99,6.19,-6.12
0.94,6.14,-5.95
0.90,5.91,-5.83
0.91,5.70,-5.83
0.55,5.33,-6.09
0.53,5.45,-6.11
0.89,7.32,-6.52
0.95,7.21,-6.79
1.15,7.95,-6.86
1.30,8.05,-7.05
1.37,7.70,-6.62
1.37,7.70,-6.62
1.07,7.56,-6.54
0.96,7.40,-6.54
0.54,8.03,-6.91
0.64,7.92,-7.13
0.59,7.51,-7.08
0.76,7.22,-6.93
0.91,6.70,-7.15
0.91,6.69,-7.05
1.00,6.67,-7.43
0.77,6.35,-7.17
1.02,7.06,-6.96
1.03,6.97,-6.84
0.75,6.38,-6.86
0.54,6.41,-6.80
0.59,6.26,-7.01
0.68,5.71,-6.91
1.30,6.10,-6.88
1.46,7.02,-7.34
1.45,7.24,-7.38
1.65,6.95,-7.56
1.69,7.01,-7.43
1.38,7.03,-7.48
1.36,6.94,-7.29
1.54,6.62,-7.05
1.41,6.71,-7.11
1.69,6.78,-7.20
1.26,6.77,-6.93
1.26,6.47,-7.09
1.27,6.69,-7.22
1.22,6.54,-6.98
1.49,7.18,-7.02
1.57,6.62,-7.05
1.51,7.04,-7.12
1.81,6.91,-7.38
1.62,6.49,-7.16
1.95,7.16,-6.89
1.80,6.93,-7.00
2.02,7.06,-7.09
1.58,7.07,-6.97
1.80,6.87,-6.93
1.71,6.57,-6.85
1.91,6.97,-7.01
1.83,7.08,-6.91
2.02,7.13,-7.00
1.82,7.02,-6.92
2.00,6.89,-6.82
1.94,7.08,-6.99
1.72,6.67,-6.66
1.58,6.55,-7.30
2.12,6.91,-6.75
1.76,6.59,-7.10
1.86,7.23,-7.21
1.74,6.45,-6.96
1.84,6.56,-6.81
2.31,6.55,-7.13
2.10,7.52,-6.95
1.81,5.35,-6.20
2.21,7.66,-7.27
2.17,6.43,-6.19
2.31,7.42,-7.12
2.16,7.39,-6.63
1.97,6.98,-6.13
1.74,7.01,-6.04
2.18,7.68,-6.60
2.37,7.56,-5.95
1.85,7.32,-6.09
2.14,7.82,-6.44
2.11,7.53,-6.20
1.94,6.55,-5.63
1.85,7.47,-5.79
1.14,7.89,-5.48
1.66,8.86,-5.57
1.56,8.10,-5.02
1.86,7.76,-4.98
2.03,10.11,-4.71
2.22,10.18,-4.43
1.75,7.91,-5.44
1.75,7.91,-5.44
0.45,12.44,-5.58
1.32,11.97,-5.66
2.25,8.95,-6.35
2.25,8.95,-6.35
1.19,10.88,-5.21
1.09,11.17,-5.26
1.08,12.48,-5.38
1.76,12.54,-5.12
2.06,9.25,-5.65
1.48,8.92,-6.12
1.16,8.65,-5.69
0.83,8.94,-5.43
1.49,7.65,-5.66
1.65,6.83,-6.01
0.52,6.94,-6.43
1.54,8.80,-6.12
0.39,5.25,-5.43
0.49,4.50,-5.63
3.04,8.01,-6.80
3.09,7.19,-6.61
2.39,7.83,-6.55
1.34,8.71,-6.54
1.45,7.13,-6.43
2.00,6.86,-6.66
0.63,7.59,-6.90
0.27,7.71,-6.95
3.60,5.98,-5.76
3.54,5.96,-5.70
3.25,7.82,-5.87
3.68,6.79,-5.82
0.41,6.32,-6.77
1.38,7.62,-7.13
3.10,7.49,-6.89
2.92,7.19,-6.37
3.02,7.44,-6.53
3.02,7.44,-6.53
2.20,6.44,-6.07
0.39,5.35,-6.14
3.56,7.87,-6.54
3.33,7.25,-6.47
1.81,7.15,-6.88
3.44,8.14,-7.11
2.91,7.36,-6.20
1.67,7.29,-6.40
3.66,8.38,-6.71
3.79,7.88,-6.40
1.62,6.87,-6.53
2.30,7.50,-6.52
4.06,6.16,-6.29
3.19,6.13,-6.16
3.21,9.58,-6.97
2.54,12.78,-6.85
1.68,4.55,-6.54
2.13,5.34,-6.86
1.21,6.42,-6.49
3.91,6.75,-6.59
3.18,8.69,-6.90
3.06,8.16,-6.65
2.87,6.33,-6.10
4.01,5.31,-6.27
2.02,4.57,-6.40
2.74,4.55,-7.10
1.84,7.07,-7.75
2.34,6.67,-7.44
2.74,6.39,-7.00
2.84,7.09,-7.02
3.13,6.97,-7.02
3.07,6.99,-6.74
3.41,7.11,-6.55
2.42,6.13,-7.09
2.58,6.42,-6.87
4.74,7.48,-6.96
2.32,6.56,-6.66
4.14,6.67,-6.89
2.43,6.76,-7.06
3.79,6.74,-6.44
2.41,6.22,-6.78
2.45,6.60,-7.04
2.81,6.00,-7.25
2.63,6.72,-7.06
3.14,6.68,-6.97
3.00,6.46,-6.67
2.89,6.48,-6.94
2.92,6.96,-6.85
2.78,6.82,-7.08
2.46,6.63,-7.11
2.79,6.85,-7.04
3.06,7.08,-6.87
2.61,6.34,-6.88
2.15,6.60,-7.01
3.78,6.95,-7.04
3.12,6.94,-6.93
2.32,6.35,-6.76
2.36,6.45,-6.94
3.24,6.77,-6.85
3.41,6.61,-6.69
2.72,6.64,-6.84
3.08,6.53,-7.00
3.00,7.37,-7.00
3.11,7.16,-6.77
2.40,6.45,-6.89
2.62,6.60,-6.88
3.00,6.51,-6.59
2.91,6.16,-6.59
2.29,6.24,-7.15
1.93,6.24,-7.60
0.56,5.43,-7.77
-0.05,4.19,-8.41
31.86,5.98,-38.46
3.01,-19.73,-17.78
-8.20,13.64,-1.75
-9.27,25.89,-50.92
13.21,16.50,-2.01
2.98,10.52,-13.03
1.45,11.88,-9.68
0.60,11.29,-8.49
-0.92,8.67,-7.10
-0.52,7.51,-6.95
0.52,6.68,-6.29
0.67,6.65,-6.15
0.30,6.40,-6.17
0.30,6.40,-6.17
0.02,7.23,-7.13
0.26,7.26,-7.24
0.14,7.83,-7.16
-0.09,7.86,-7.19
0.30,7.43,-7.39
0.17,7.42,-7.51
-0.51,7.11,-7.35
-0.59,7.11,-7.11
-0.44,6.69,-6.96
-0.47,6.48,-6.82
-0.55,6.50,-7.05
-0.52,6.43,-7.11
-0.83,6.38,-7.07
-0.96,6.47,-7.03
-0.85,6.70,-7.22
-0.99,6.55,-7.35
-1.12,6.79,-7.79
-1.17,6.62,-7.48
-0.92,6.48,-7.21
-0.92,6.25,-7.14
-1.03,6.22,-7.00
-1.43,5.88,-7.38
-1.34,5.91,-7.48
-1.52,6.14,-7.25
-1.16,5.89,-7.44
-1.81,6.22,-7.40
-1.88,6.39,-7.91
-2.02,6.17,-7.72
-1.73,6.50,-7.56
-1.54,6.29,-7.35
-1.68,5.91,-7.20
-1.65,6.31,-7.30
-1.74,5.45,-7.54
-1.99,5.66,-7.36
-1.62,5.72,-7.57
-1.85,5.68,-7.42
-1.93,5.89,-7.28
-1.64,6.05,-7.54
-1.93,6.02,-7.60
-1.88,5.94,-7.48
-1.52,6.24,-7.29
-1.34,6.11,-7.20
-1.36,5.81,-7.02
-1.30,5.75,-6.77
-1.62,5.34,-7.16
-1.81,5.26,-7.40
-2.35,5.55,-7.54
-2.51,5.80,-7.52
-3.00,6.78,-7.79
-3.00,6.78,-7.79
-1.85,6.92,-7.52
-1.55,6.41,-7.23
-1.39,6.88,-6.92
-1.39,6.88,-6.92
-1.26,6.04,-6.83
-1.31,6.05,-6.64
-0.76,5.79,-6.04
-0.76,5.79,-6.04
-0.44,5.46,-5.48
-0.36,5.41,-5.35
-0.29,3.58,-3.62
-0.29,3.58,-3.62
0.09,4.99,-3.19
-0.24,6.16,-3.46
-0.58,5.11,-2.79
-0.14,5.34,-2.64
0.71,7.38,-1.10
0.56,7.99,-0.41
0.97,9.25,-0.54
1.09,9.38,0.20
1.23,9.15,1.03
0.99,11.13,2.00
1.85,12.02,3.17
5.48,3.35,3.44
1.97,9.82,5.41
2.85,11.44,5.09
3.42,14.35,5.69
3.42,14.35,5.69
3.55,12.49,5.44
3.88,12.12,5.34
3.53,12.41,6.29
3.51,13.45,6.36
3.75,12.59,5.12
3.55,12.24,5.19
3.34,12.96,4.44
3.34,12.96,4.44
2.87,12.82,3.66
2.58,11.97,3.53
2.66,11.32,3.54
2.59,11.31,3.53
2.25,10.27,3.39
2.28,9.85,3.32
1.41,9.41,3.08
1.47,9.37,2.85
1.32,9.37,2.67
1.32,9.37,2.67
1.72,8.92,2.96
1.94,8.11,3.25
3.11,7.34,3.51
3.15,8.17,3.29
4.77,8.54,3.15
5.81,9.60,3.41
6.13,8.94,2.54
6.95,9.28,1.99
7.71,10.19,1.58
6.53,9.82,1.78
5.54,10.51,1.30
3.95,11.27,1.63
4.83,10.92,0.92
2.30,11.84,0.51
3.40,13.31,1.55
3.25,12.77,2.27
3.64,13.59,1.59
2.79,11.77,1.32
2.97,12.31,1.44
3.42,10.89,0.20
3.12,10.12,0.38
3.13,8.50,-0.44
3.63,17.49,-18.95
3.10,5.61,-2.51
1.97,4.96,-3.63
1.63,4.63,-3.41
0.33,4.43,-3.09
-0.16,5.25,-2.72
-0.77,5.99,-1.54
-0.77,7.18,-0.85
-0.83,6.99,0.72
0.56,10.36,1.80
0.85,9.33,0.46
1.76,9.33,3.39
2.26,9.35,4.15
2.53,10.09,3.76
2.71,9.78,4.37
3.76,11.45,6.44
4.45,10.81,5.47
4.98,9.91,6.13
4.78,10.30,6.61
4.77,11.26,6.47
5.15,10.45,6.64
5.14,9.82,7.55
5.38,10.98,7.28
6.61,12.25,6.95
6.61,12.25,6.95
6.15,9.68,6.93
6.57,9.91,7.08
4.71,9.71,7.18
5.00,9.19,7.31
6.39,6.97,7.39
6.27,7.09,7.36
6.01,8.18,7.84
6.23,7.68,7.84
5.62,6.13,8.00
5.70,6.25,7.95
6.11,6.67,7.91
5.89,6.73,7.89
5.70,5.37,7.71
5.70,5.37,7.71
5.88,6.20,7.91
5.72,6.33,7.92
5.27,6.11,7.79
5.18,5.89,7.78
5.24,6.45,7.43
5.24,6.45,7.43
5.07,6.20,7.30
5.09,6.34,7.24
5.04,6.62,7.24
5.11,6.45,7.26
5.02,6.36,7.09
4.97,6.47,7.10
4.49,7.26,7.02
5.03,6.90,7.21
4.52,6.57,7.00
4.57,6.82,6.94
4.60,7.91,7.14
4.25,7.57,6.98
3.56,7.42,6.82
3.68,7.77,6.53
3.87,6.85,6.39
4.13,7.13,6.16
4.56,7.02,6.29
4.19,7.36,6.33
4.44,6.39,6.96
5.35,5.65,7.02
6.36,5.92,7.04
6.36,6.97,6.86
5.39,9.08,6.70
6.25,7.67,7.16
5.57,6.22,6.98
5.30,6.78,6.71
5.98,4.80,7.30
6.33,4.79,7.07
5.89,7.28,6.52
5.61,7.65,6.43
5.23,6.40,6.85
4.94,6.52,7.05
4.55,7.45,6.67
4.63,7.26,6.55
4.81,7.54,6.28
4.65,7.15,6.53
4.83,7.33,6.59
4.77,7.77,6.78
4.60,6.53,7.28
4.61,6.40,7.38
5.23,7.19,6.79
5.41,7.28,7.22
4.79,7.48,6.79
4.73,7.19,7.07
4.91,6.43,6.93
4.91,6.43,6.93
5.21,6.78,7.04
5.25,7.13,7.08
4.86,6.97,7.04
4.90,6.92,7.03
5.11,6.83,6.93
5.16,6.75,6.95
4.89,6.96,6.81
4.87,6.88,6.94
4.93,6.89,7.01
5.03,6.85,7.05
4.93,7.00,6.90
5.06,6.98,6.91
5.17,6.80,6.90
5.17,6.82,6.95
5.13,6.88,6.93
5.28,6.68,6.96
5.06,6.58,6.86
5.09,6.77,6.92
4.93,6.95,7.01
4.93,6.95,7.01
5.00,6.58,7.01
5.05,6.65,6.97
5.03,6.77,6.90
5.06,6.82,7.02
5.00,6.90,6.97
5.13,6.37,6.99
5.34,6.27,6.87
5.16,6.97,6.88
5.15,6.82,6.99
5.39,6.93,6.92
5.43,7.28,6.87
5.68,6.56,7.25
4.67,6.92,7.45
3.88,8.53,6.69
3.66,7.19,6.73
4.07,8.28,7.04
3.25,8.19,7.31
3.18,5.63,7.51
3.42,7.58,7.73
2.58,6.94,7.32
2.64,6.54,7.20
2.59,7.34,7.40
2.83,7.33,7.20
2.15,7.12,7.24
2.29,8.06,7.07
2.42,7.55,7.33
2.90,7.65,7.66
3.39,7.09,7.39
3.24,7.41,7.75
3.41,6.68,7.61
3.38,6.78,7.76
2.71,6.70,7.46
3.68,6.37,7.46
3.88,6.98,7.97
3.30,7.21,7.65
3.69,6.76,7.49
3.96,7.19,7.17
4.08,7.24,7.42
4.07,7.22,7.73
4.01,6.83,7.73
3.90,6.53,7.68
3.79,6.43,7.72
3.83,6.59,7.77
4.07,6.26,7.88
4.07,6.52,7.81
3.87,6.25,7.81
4.10,6.79,7.70
4.06,6.59,7.77
4.13,6.62,7.83
4.08,6.57,7.58
4.21,6.52,7.70
4.27,6.40,7.74
4.35,6.23,7.71
4.05,6.82,7.83
4.08,6.76,7.60
4.34,7.12,7.63
4.81,5.97,7.33
4.70,6.35,7.35
4.43,6.58,7.74
4.59,6.83,7.81
4.60,6.26,7.75
4.37,6.41,7.65
4.73,6.38,7.38
4.58,6.10,6.97
4.68,5.88,6.76
5.42,6.07,6.72
5.76,6.25,6.88
5.05,6.77,7.20
4.72,7.02,7.00
4.77,6.11,7.08
4.98,6.00,7.04
5.30,5.92,7.26
4.82,6.50,7.58
4.84,6.88,7.82
5.21,6.83,7.55
5.13,7.00,7.21
5.12,6.35,7.21
5.07,6.14,7.57
5.07,5.93,7.96
5.04,6.24,7.86
4.75,6.40,7.68
4.94,6.59,7.86
4.66,7.07,7.69
4.75,6.74,7.57
4.95,6.70,7.29
4.80,6.19,6.89
5.09,6.16,6.99
4.87,6.73,6.67
5.14,6.79,6.53
5.34,6.31,6.85
5.22,6.66,6.85
5.08,6.00,6.89
5.12,6.81,7.20
4.82,7.12,7.46
4.97,6.28,7.23
5.21,6.82,7.68
5.15,6.90,7.62
4.95,6.45,7.17
4.92,6.34,7.07
4.77,6.31,7.17
4.68,6.43,7.32
4.74,6.81,7.29
4.83,6.82,7.38
4.93,6.54,7.26
4.94,6.36,7.21
4.97,6.35,7.31
4.99,6.38,7.24
5.03,6.65,7.05
4.94,6.65,6.92
4.97,6.64,7.18
4.95,6.72,7.15
4.99,6.70,7.21
4.96,6.51,7.37
4.97,6.27,7.33
4.95,6.28,7.28
4.94,6.41,7.35
4.94,6.53,7.31
4.80,6.81,7.49
4.88,6.69,7.48
5.10,6.63,7.47
5.07,6.70,7.40
5.04,6.73,7.37
5.08,6.83,7.45
4.81,6.64,7.37
4.88,6.78,7.26
4.97,6.87,7.33
5.05,6.77,7.15
5.15,6.55,7.00
5.15,6.65,6.96
5.28,6.64,7.27
5.24,6.64,7.26
5.06,6.22,6.89
5.14,6.26,6.89
5.38,6.58,6.84
5.38,6.70,6.80
5.17,6.99,6.63
5.18,7.16,6.59
5.21,7.21,6.65
5.09,7.34,6.39
4.46,6.95,6.12
4.43,6.70,6.16
5.41,6.75,6.44
5.41,6.75,6.44
5.76,6.53,6.68
5.48,7.20,6.88
5.50,7.25,6.91
5.23,7.25,6.19
5.14,7.29,6.46
5.18,7.48,6.70
5.17,7.21,7.00
5.12,7.46,6.81
5.01,7.91,6.70
5.09,7.53,6.70
4.34,8.17,6.28
4.34,8.17,6.28
4.11,8.34,6.29
3.98,8.22,6.18
4.21,7.49,6.41
4.16,7.57,6.26
4.86,8.19,6.53
4.98,7.96,6.56
5.06,7.62,6.49
5.08,7.85,6.42
4.52,7.05,6.41
4.35,7.10,6.47
3.77,8.20,6.17
3.77,8.59,6.29
3.64,8.90,6.36
3.53,8.56,6.49
4.10,8.53,6.59
3.92,8.72,6.50
3.51,8.27,5.80
3.84,8.35,5.61
4.42,8.46,5.59
4.17,8.55,5.62
3.50,9.58,5.18
3.45,9.65,5.04
2.88,10.07,5.23
3.04,10.46,4.57
3.19,10.29,4.72
3.77,8.52,4.88
3.73,9.13,5.04
3.55,9.92,4.82
3.55,9.92,4.82
3.76,10.15,4.00
3.59,9.98,3.90
3.18,10.52,3.60
3.13,10.84,3.64
2.70,10.22,3.23
2.70,10.22,3.23
2.97,11.63,3.08
3.04,11.67,3.04
2.83,10.77,2.89
2.96,10.71,2.88
3.26,10.89,2.35
3.26,10.89,2.35
3.13,11.33,1.80
3.08,11.28,1.74
3.07,11.31,1.39
3.04,11.24,1.21
2.64,10.68,1.04
2.79,10.42,1.04
2.76,9.97,0.62
2.73,9.75,0.57
2.85,10.38,-0.16
2.90,10.32,0.02
2.90,9.82,-1.66
2.43,7.96,-2.06
2.63,9.21,-4.77
1.88,8.81,-3.20
1.98,8.77,-3.39
1.58,8.18,-3.86
1.87,7.91,-4.32
1.22,7.94,-4.68
1.05,7.42,-4.84
1.06,7.96,-5.08
0.56,7.51,-5.79
0.63,9.07,-5.92
0.73,8.24,-6.20
0.44,7.58,-5.96
0.45,7.04,-6.20
0.75,6.53,-5.90
0.33,6.45,-6.02
0.67,6.81,-6.61
0.64,6.46,-5.91
0.71,5.55,-6.40
-0.04,7.38,-6.60
0.54,6.26,-7.18
0.60,7.43,-7.31
0.91,7.03,-7.27
0.71,6.50,-7.22
0.78,7.36,-7.51
0.94,6.24,-7.05
1.34,6.03,-7.45
1.47,6.07,-7.48
1.35,6.98,-7.42
1.34,7.04,-7.45
1.29,6.86,-7.43
1.06,6.85,-7.63
1.08,7.15,-7.00
1.23,7.29,-7.17
1.86,5.35,-7.51
1.69,5.45,-7.59
1.46,5.75,-7.45
1.44,5.99,-7.05
1.63,5.89,-7.32
1.54,5.94,-7.39
1.58,7.48,-7.24
1.42,7.87,-7.07
1.22,7.30,-7.04
1.38,7.09,-7.28
2.01,6.72,-7.25
2.01,6.72,-7.25
1.79,6.27,-7.18
2.01,6.22,-7.03
1.97,6.69,-7.27
1.74,6.69,-7.26
1.56,7.01,-7.15
1.56,7.01,-7.15
1.75,6.53,-7.16
1.70,6.42,-7.05
2.02,6.50,-7.06
2.02,6.50,-7.06
2.06,6.61,-7.30
2.08,6.64,-7.27
1.53,6.92,-7.04
1.45,6.91,-7.13
1.40,6.47,-7.33
1.42,6.47,-7.22
1.91,5.73,-7.21
2.05,6.02,-7.23
1.77,7.06,-7.50
1.88,6.95,-7.54
1.63,7.09,-7.24
1.49,6.83,-7.30
1.72,6.47,-7.11
1.70,6.69,-7.02
1.51,6.41,-7.19
1.50,6.62,-7.34
1.71,6.45,-7.14
1.74,6.60,-7.19
1.95,6.70,-7.42
1.90,6.78,-7.37
1.70,6.85,-6.98
1.60,6.85,-6.91
1.62,6.79,-7.28
1.70,6.68,-7.18
1.76,6.59,-7.08
1.70,6.52,-7.06
1.35,7.11,-7.00
1.31,6.80,-7.11
1.48,6.52,-6.85
1.46,7.10,-7.02
1.54,6.28,-6.81
1.62,7.26,-7.25
2.00,6.93,-7.15
2.12,6.34,-7.05
1.86,6.88,-7.07
1.86,6.88,-7.03
2.02,6.70,-7.03
2.01,6.39,-7.07
1.88,6.85,-6.84
1.99,7.00,-7.10
1.74,7.12,-6.79
2.28,7.19,-6.76
2.27,6.89,-6.95
2.33,6.98,-6.73
2.11,6.82,-6.83
2.05,6.58,-6.80
2.26,6.38,-7.07
1.96,7.14,-7.03
2.02,6.69,-6.85
1.91,6.56,-6.84
1.85,5.77,-6.77
1.76,6.86,-6.91
1.81,6.85,-7.08
2.29,6.72,-6.96
2.43,7.36,-6.70
1.89,6.47,-6.34
1.72,6.58,-6.80
1.79,7.70,-6.90
2.15,7.42,-6.85
1.74,7.02,-6.54
2.38,7.60,-6.64
2.56,7.16,-6.38
2.28,6.85,-6.74
1.59,8.27,-6.10
2.27,6.95,-7.03
1.58,7.06,-6.47
1.58,6.62,-5.57
3.08,6.47,-5.90
2.64,6.44,-5.89
2.17,7.47,-5.56
2.34,7.61,-5.93
1.47,7.46,-5.74
1.83,7.47,-5.66
2.30,7.62,-6.13
1.94,8.11,-6.32
1.69,7.77,-5.34
1.50,7.63,-5.55
1.79,7.90,-5.38
2.00,8.74,-5.10
2.30,7.75,-4.88
2.96,9.21,-5.23
2.99,9.47,-5.30
2.42,9.43,-5.30
0.93,10.43,-4.87
1.28,10.07,-5.83
2.99,8.54,-7.15
2.40,10.12,-6.40
1.56,12.68,-3.60
2.19,8.85,-3.72
1.50,7.59,-4.31
1.09,9.71,-4.40
0.55,10.32,-7.83
0.88,11.82,-8.23
0.08,11.03,-5.59
1.12,10.10,-5.68
2.16,7.98,-5.27
1.02,6.22,-4.77
1.56,8.94,-6.46
1.27,8.22,-6.51
0.84,3.46,-5.87
0.74,6.83,-7.47
2.49,6.50,-6.66
2.75,7.29,-6.08
3.04,6.06,-6.34
1.64,6.97,-7.22
3.65,6.93,-6.31
4.03,7.32,-6.56
2.98,7.40,-6.03
3.10,7.94,-6.87
2.86,7.94,-6.77
2.40,6.35,-6.54
3.32,6.82,-6.21
2.74,6.92,-6.56
2.91,7.19,-6.66
2.15,6.66,-6.81
3.83,6.98,-6.39
2.96,6.99,-6.10
2.34,6.56,-6.67
2.96,6.85,-6.87
2.43,7.30,-7.06
2.46,7.75,-7.10
3.65,7.41,-6.68
3.65,7.41,-6.68
2.82,7.59,-6.44
3.46,7.18,-6.37
2.65,6.38,-6.28
2.65,6.38,-6.28
4.41,5.58,-6.15
4.34,5.84,-6.11
3.10,5.86,-6.95
3.45,6.04,-6.73
2.60,6.52,-7.00
3.15,6.91,-7.10
3.28,6.59,-6.80
3.15,6.91,-6.85
3.01,7.25,-6.83
3.35,6.96,-7.17
2.85,6.67,-6.60
3.47,6.31,-6.67
2.66,6.42,-6.81
3.59,6.51,-6.78
3.28,6.57,-6.66
3.29,7.11,-6.95
3.25,6.14,-6.91
2.94,7.32,-6.93
3.23,6.34,-6.68
3.05,6.68,-6.73
2.20,6.73,-7.00
3.36,6.82,-6.86
3.80,7.49,-6.52
2.15,6.30,-6.76
3.42,6.36,-6.58
2.71,6.81,-6.87
3.70,7.13,-6.82
2.74,6.54,-6.61
3.22,6.51,-6.82
3.09,7.13,-6.59
3.04,6.76,-6.54
3.48,7.27,-7.09
3.68,7.52,-6.91
2.48,6.28,-6.62
2.52,6.30,-6.80
3.43,6.81,-6.85
3.43,6.94,-6.80
2.89,6.07,-6.53
2.74,6.33,-6.71
3.64,6.58,-6.97
3.42,6.48,-6.91
2.37,6.32,-7.02
2.82,6.34,-7.12
3.07,7.04,-6.70
3.06,6.63,-6.45
3.26,6.85,-6.62
3.59,7.09,-6.67
2.96,6.73,-6.34
2.38,6.83,-6.39
3.73,7.26,-6.92
3.41,7.06,-6.72
2.62,6.53,-6.67
3.00,6.64,-6.69
3.06,6.93,-6.65
2.81,6.98,-6.61
3.38,6.91,-6.79
3.64,6.58,-6.78
2.49,6.98,-6.58
3.13,7.02,-6.71
3.65,6.96,-6.78
3.65,6.96,-6.78
3.27,6.80,-6.55
3.57,6.78,-6.73
2.85,6.67,-6.76
2.85,6.67,-6.76
3.35,6.72,-6.91
3.26,6.96,-6.89
2.77,7.01,-6.57
2.74,6.95,-6.48
3.16,6.70,-6.75
3.13,6.75,-6.66
2.51,6.26,-6.30
2.64,6.37,-6.53
2.75,6.97,-6.90
2.82,7.32,-6.73
2.67,6.02,-6.61
2.92,6.02,-6.81
1.38,5.84,-8.59
1.38,5.84,-8.59
-4.22,5.43,-12.73
-4.22,5.43,-12.73
7.36,7.99,-12.58
45.21,6.23,15.51
7.84,5.48,5.22
3.82,-0.62,-0.95
1.44,7.95,1.90
1.34,49.38,-89.98
1.15,10.46,-11.23
4.85,9.53,-9.01
-1.85,5.59,-6.53
-2.28,4.45,-6.54
-1.67,7.92,-7.97
-1.82,8.81,-8.16
-0.74,8.08,-8.12
-0.05,8.14,-8.00
-0.76,8.96,-7.72
-1.08,7.94,-7.77
-1.36,6.88,-7.94
-1.11,6.88,-7.90
-0.91,7.35,-7.80
-0.91,7.35,-7.80
-1.45,6.19,-7.04
-1.41,6.03,-6.79
-0.89,6.93,-7.08
-0.89,6.93,-7.08
-1.22,6.62,-6.93
-1.34,6.93,-7.23
-1.20,6.49,-6.88
-1.13,6.30,-6.87
-0.46,7.21,-6.99
-0.41,6.97,-6.83
-0.17,8.24,-6.62
-0.21,7.35,-6.50
0.28,7.91,-6.53
0.28,7.91,-6.53
0.34,7.89,-6.39
-0.06,7.82,-6.47
-0.62,7.35,-6.42
-0.65,7.27,-6.48
-0.51,7.39,-6.43
-0.45,7.74,-6.47
-0.48,7.36,-6.34
-0.42,7.28,-6.24
-0.72,7.18,-5.94
-0.72,7.18,-5.94
-0.62,7.12,-6.21
-0.57,7.01,-6.32
-0.41,6.65,-7.10
-0.53,6.99,-6.63
-1.03,7.38,-6.17
-1.22,6.93,-6.14
-0.90,6.99,-5.84
-0.87,6.91,-5.59
-0.70,7.26,-5.51
-0.66,7.35,-5.57
-0.74,7.66,-5.57
-0.90,8.04,-5.64
-1.05,7.36,-5.21
-0.96,7.16,-5.15
-1.67,7.96,-5.38
-2.02,7.85,-5.56
-2.11,8.04,-5.99
-2.21,8.60,-6.21
-3.62,8.71,-6.85
-3.36,8.74,-6.54
-3.14,8.05,-6.36
-2.99,7.84,-6.56
-2.70,7.47,-6.22
-1.92,7.45,-6.15
-1.60,7.51,-6.41
-1.78,6.51,-6.10
-1.21,6.09,-5.47
-0.82,4.92,-4.33
0.39,5.16,-3.38
1.96,7.26,-1.15
2.70,9.30,0.99
3.09,9.66,0.96
3.06,9.25,0.99
2.60,10.40,0.30
1.29,11.91,0.51
-0.42,13.57,0.60
-2.09,14.33,0.74
-3.27,13.19,-0.72
-3.42,13.52,-2.26
-1.80,9.86,0.12
-2.37,9.54,1.14
0.32,9.36,2.96
3.54,10.25,3.03
4.34,10.89,3.32
7.93,9.55,2.85
6.79,8.85,2.38
6.43,9.28,2.29
6.29,9.91,2.10
5.79,9.57,2.00
5.28,8.95,2.23
5.21,9.07,2.37
5.65,9.20,2.67
5.67,9.16,2.86
5.28,8.70,2.85
5.28,8.70,2.85
3.60,8.61,3.45
3.62,8.40,3.59
3.91,8.38,3.82
4.30,8.63,3.87
5.09,9.15,3.35
5.28,9.20,3.13
6.27,8.40,2.56
6.68,8.31,2.66
7.35,9.27,2.76
6.82,9.11,2.64
6.87,8.61,2.51
7.11,8.59,2.41
7.30,8.99,2.41
7.39,8.91,2.62
7.15,8.49,3.00
6.87,8.18,3.32
7.23,9.08,3.38
7.23,9.08,3.38
6.20,7.47,3.82
5.84,7.56,3.64
6.01,8.38,3.34
6.01,8.38,3.34
5.94,8.76,2.66
5.58,8.82,2.74
5.13,7.86,3.25
5.13,7.86,3.25
6.11,7.62,3.51
6.14,7.85,3.30
5.49,8.51,3.16
5.30,8.50,3.16
4.56,8.48,3.56
4.57,8.82,3.33
5.05,8.99,3.53
5.54,8.72,3.67
6.55,8.64,3.11
6.62,8.98,3.04
6.63,9.31,2.39
6.93,9.26,2.52
7.61,8.55,2.48
7.50,8.44,2.49
8.48,7.81,2.27
8.66,8.01,2.25
7.02,8.59,2.33
7.16,8.55,2.47
6.97,8.35,2.32
7.00,8.43,2.33
6.30,7.92,2.53
4.83,10.55,2.35
5.56,8.48,2.33
4.66,9.22,2.30
5.44,8.73,2.12
4.70,8.66,2.03
5.11,9.15,1.61
4.72,8.77,1.77
4.92,9.29,1.80
4.94,8.80,1.73
5.04,9.22,1.25
5.15,8.88,1.11
5.77,9.10,1.10
5.43,8.81,1.08
5.31,9.28,0.85
5.28,9.22,0.94
4.94,9.95,0.93
4.86,9.27,1.15
5.34,9.83,0.69
5.25,9.50,0.81
5.47,9.10,0.98
5.49,9.49,0.72
5.11,9.92,0.47
4.65,11.50,-0.88
4.59,12.14,-0.99
4.52,11.46,-0.33
4.20,12.44,-0.71
3.47,13.13,-0.93
3.15,11.85,0.02
3.00,11.45,0.18
2.06,11.91,0.53
1.99,12.26,0.37
1.76,12.31,-0.02
1.80,12.07,-0.09
1.05,10.93,-0.34
0.70,11.02,-0.42
0.43,10.96,-0.25
0.37,10.97,-0.61
-0.34,10.39,-0.92
-0.32,9.91,-1.11
-0.50,9.35,-1.54
-0.40,9.06,-1.42
0.12,7.31,-1.86
0.62,6.76,-1.62
-0.48,4.32,-4.00
-1.58,0.63,-2.14
0.65,3.21,-2.04
0.68,2.77,-2.02
-0.47,3.54,-2.02
-0.30,3.39,-1.92
-0.33,3.55,-0.76
-0.77,3.69,-0.46
-1.56,3.87,0.48
-1.07,4.15,0.67
-1.57,5.93,0.71
-1.85,6.50,0.81
-1.48,5.84,2.72
-1.60,7.18,2.06
-1.57,8.58,2.58
-1.10,9.75,3.65
-2.68,13.27,5.44
1.54,13.95,5.34
1.47,11.79,4.57
1.49,11.76,4.62
2.98,14.68,7.11
2.98,14.68,7.11
7.00,11.38,7.65
3.35,9.74,6.51
4.89,15.73,6.79
4.89,15.73,6.79
4.21,8.98,7.49
4.31,8.18,7.45
4.63,10.88,7.11
4.41,10.96,7.21
3.91,9.52,7.40
3.99,8.72,7.22
4.78,8.52,7.19
4.76,8.71,7.31
4.45,8.24,7.29
4.48,7.78,7.28
4.48,7.36,7.30
4.49,7.03,7.32
4.35,6.35,7.65
4.50,6.30,7.72
4.41,6.19,7.61
4.56,6.92,7.51
4.66,7.07,7.60
4.66,7.07,7.60
4.24,6.58,7.47
4.44,6.78,7.53
4.75,7.29,7.22
4.74,7.46,7.27
4.38,6.79,7.27
4.38,6.79,7.27
4.66,6.92,7.29
4.85,7.02,7.29
4.58,7.08,6.97
4.58,7.08,6.97
4.72,7.09,7.00
4.74,7.15,7.05
4.37,7.22,6.85
4.29,7.21,6.79
4.54,6.90,6.86
4.47,7.02,6.74
4.24,7.51,6.91
4.16,7.38,6.85
4.46,7.07,6.88
4.36,7.09,6.79
4.50,7.15,6.77
4.60,6.97,6.93
4.55,7.38,6.83
4.19,7.79,6.63
4.43,7.10,6.85
4.57,6.83,6.81
4.66,7.36,6.61
4.79,7.54,6.66
4.29,7.41,6.78
4.29,7.41,6.78
3.74,7.86,6.59
3.54,8.05,6.58
3.97,6.42,6.40
4.13,6.31,6.25
3.83,7.46,5.99
3.73,7.45,5.90
4.72,6.43,6.05
5.19,6.84,5.99
5.35,7.12,5.89
5.74,7.14,5.95
6.07,7.58,6.32
5.82,8.06,6.33
7.09,8.20,6.90
7.01,8.54,6.11
6.34,6.18,6.73
7.04,5.31,7.03
6.80,5.41,6.74
6.50,5.83,6.61
6.08,7.10,6.24
6.24,6.97,6.09
5.23,6.87,6.28
4.95,6.89,6.25
5.42,6.46,6.29
5.08,7.11,6.30
5.77,7.92,6.13
5.55,7.56,6.66
5.33,6.80,6.66
5.15,6.78,6.73
5.46,6.72,6.56
5.48,7.06,6.70
5.46,6.81,6.69
5.33,6.94,6.51
5.57,6.83,6.57
5.56,6.44,6.47
5.32,7.30,6.59
5.39,6.90,6.81
5.36,6.76,6.94
4.38,7.85,6.72
3.93,8.17,6.62
4.70,7.14,6.43
3.76,8.09,7.10
4.01,6.81,6.91
3.56,6.71,7.26
3.13,7.18,7.22
2.83,7.03,7.23
2.96,8.15,7.02
2.98,7.17,7.15
3.48,7.17,7.34
3.75,7.54,7.35
3.73,6.83,7.21
3.64,6.97,7.43
3.49,7.32,7.49
3.56,6.35,7.40
3.87,7.45,7.37
3.98,7.02,7.32
4.09,6.71,7.43
4.40,7.41,7.24
4.34,7.01,7.16
4.11,7.36,7.55
4.09,6.67,7.52
4.20,6.44,7.11
4.05,6.56,7.26
4.06,7.15,7.49
4.35,7.15,7.50
4.56,6.69,7.19
4.39,6.81,7.29
4.25,6.82,7.37
4.01,6.90,7.37
4.25,6.62,7.21
4.60,6.69,7.32
4.42,6.71,7.26
4.46,7.06,7.23
4.17,7.01,7.49
4.51,6.77,7.44
4.24,6.50,7.26
4.42,6.53,6.93
4.47,6.82,7.22
4.52,6.81,7.20
5.05,6.81,7.28
5.07,6.77,7.33
4.66,6.99,7.55
4.51,7.18,7.38
4.24,7.08,7.66
4.28,6.78,7.72
4.35,7.20,7.65
4.43,7.30,7.71
4.92,7.20,7.46
4.99,7.07,7.27
4.91,7.02,7.43
4.94,6.57,7.34
4.78,6.29,7.25
4.93,6.02,7.18
4.97,6.19,7.26
5.60,6.04,6.92
5.50,6.01,6.66
4.56,6.31,6.57
4.32,6.19,6.30
4.14,6.18,6.17
4.41,6.26,6.33
5.06,6.88,6.34
5.26,6.83,6.51
5.12,6.36,7.11
5.21,6.36,7.29
4.78,7.45,6.81
4.78,7.45,6.81
4.43,7.22,6.44
4.62,7.07,6.46
5.02,6.70,6.74
5.03,6.55,6.77
5.19,6.20,6.73
5.18,6.36,6.74
5.06,6.87,6.84
5.04,7.00,6.97
5.03,7.14,7.49
5.15,7.26,7.60
4.90,6.93,7.59
4.77,6.77,7.17
4.65,6.43,6.87
4.77,6.56,6.93
4.80,6.89,7.06
4.86,6.90,7.35
4.96,7.43,7.65
4.98,7.44,7.53
4.70,7.23,7.32
4.74,7.48,7.20
4.60,7.04,6.97
4.54,6.91,6.82
4.61,6.68,7.01
4.65,6.75,7.12
4.51,6.96,7.16
4.73,6.93,7.24
4.71,6.86,7.26
4.61,6.77,7.31
4.64,6.84,7.39
4.73,6.74,7.32
4.78,6.54,6.72
4.90,6.61,6.57
4.85,6.71,6.64
4.86,6.71,6.64
4.61,7.31,6.77
4.53,7.33,6.94
4.80,6.70,7.37
4.85,6.47,7.43
4.56,6.05,7.37
4.55,6.30,7.21
4.72,6.45,7.07
4.70,6.35,7.15
4.77,6.81,7.48
4.81,6.98,7.69
4.62,7.20,7.92
4.67,7.16,8.03
4.67,6.73,7.71
4.67,6.73,7.71
4.52,6.36,7.46
4.49,6.35,7.38
4.48,6.20,7.51
4.48,6.20,7.51
4.41,6.65,7.65
4.46,6.81,7.59
4.38,6.79,7.46
4.40,6.68,7.51
4.68,6.37,7.93
4.68,6.37,7.93
4.43,6.53,7.64
4.28,6.41,7.53
4.32,6.34,7.52
4.38,6.53,7.53
4.67,6.71,7.83
4.81,6.87,7.92
4.85,6.61,7.85
4.80,6.52,7.78
4.64,6.51,7.53
4.66,6.70,7.44
4.74,6.86,7.52
4.84,6.63,7.67
4.91,6.60,7.41
4.89,6.71,7.33
4.90,6.07,7.11
4.83,5.99,7.17
4.80,6.21,7.16
4.62,6.34,7.20
4.88,6.24,7.53
5.02,6.28,7.40
5.00,6.57,6.85
4.90,6.25,6.86
4.41,5.89,6.63
4.41,5.89,6.63
4.89,7.26,6.70
5.14,7.48,6.95
5.25,6.97,7.26
4.47,7.16,6.98
4.37,7.92,7.30
4.14,7.96,6.95
4.44,8.08,7.57
4.07,7.44,7.37
3.78,7.41,7.00
3.43,8.03,7.08
3.76,7.79,7.32
3.73,8.04,6.72
3.61,8.11,6.44
2.34,8.34,6.72
3.47,9.24,6.59
3.39,8.96,6.36
3.04,10.13,6.22
3.65,7.64,5.73
3.45,11.21,5.62
3.21,9.70,5.43
2.47,10.04,4.71
3.08,11.42,4.11
2.98,9.66,3.33
3.45,10.89,2.89
2.80,10.21,2.60
3.00,10.41,1.96
3.51,10.56,1.24
3.45,10.58,0.52
3.24,9.73,0.08
2.34,7.86,-0.37
3.05,8.74,-1.23
2.81,9.29,-1.53
2.56,9.75,-1.72
2.56,9.75,-1.72
2.13,9.51,-2.26
2.13,9.51,-2.26
2.46,8.13,-3.24
1.97,9.30,-3.01
1.93,10.19,-3.13
1.91,9.09,-2.80
2.07,6.18,-3.53
1.94,9.64,-4.23
1.68,9.70,-4.46
1.09,8.25,-4.68
1.26,8.50,-4.69
0.75,8.82,-4.67
0.75,8.82,-4.67
0.70,8.28,-5.06
0.85,8.52,-5.07
1.13,7.31,-5.10
1.13,7.31,-5.10
1.50,8.96,-6.02
1.59,8.32,-6.00
1.52,6.84,-5.93
1.39,7.49,-5.95
1.13,6.55,-5.89
1.06,6.51,-5.73
0.69,7.46,-6.47
0.83,7.00,-6.54
0.60,6.59,-6.21
0.71,6.74,-6.04
0.78,7.10,-6.21
0.78,7.10,-6.21
1.10,4.92,-6.20
1.11,5.10,-6.40
1.20,6.47,-6.04
1.30,6.38,-6.08
0.61,6.59,-6.50
0.61,6.59,-6.50
0.59,5.23,-6.89
0.81,5.80,-7.45
1.12,7.17,-7.52
0.78,7.59,-7.34
0.61,6.38,-7.06
0.82,6.25,-7.03
2.22,5.96,-8.49
1.87,6.02,-7.97
0.55,5.64,-7.23
0.70,6.05,-7.15
1.08,6.07,-7.38
1.23,5.83,-7.35
1.52,6.67,-8.14
1.47,6.61,-8.21
1.47,6.27,-7.81
1.55,6.14,-7.69
2.02,5.49,-7.56
1.27,6.38,-7.39
2.32,5.46,-7.81
1.62,6.01,-7.30
1.72,6.29,-7.68
1.83,6.57,-7.32
2.00,6.79,-7.62
1.91,5.95,-7.09
2.19,6.33,-7.23
2.19,6.85,-7.37
2.19,6.61,-7.45
2.16,6.42,-7.15
1.94,6.23,-7.11
1.78,6.37,-7.26
1.95,7.08,-7.25
2.06,6.17,-7.23
1.77,6.57,-7.35
2.04,6.49,-7.05
2.34,6.77,-7.47
2.35,6.92,-7.27
1.93,5.94,-7.16
1.84,6.39,-7.30
1.90,6.55,-7.32
1.99,6.61,-7.15
2.11,6.89,-7.37
1.77,6.26,-7.20
2.14,6.25,-7.00
2.51,7.26,-7.30
2.48,6.29,-7.10
2.52,6.26,-6.91
2.35,6.37,-6.72
2.31,6.42,-6.85
2.83,5.79,-6.60
2.89,5.87,-6.48
2.63,6.29,-7.30
2.63,6.29,-7.30
2.89,7.26,-7.50
2.55,7.34,-7.37
1.56,6.96,-7.01
1.56,6.96,-7.01
1.71,5.98,-6.78
1.76,5.90,-6.77
2.59,6.21,-6.92
2.59,6.21,-6.92
2.90,6.92,-7.21
2.80,6.75,-7.19
2.46,7.20,-7.19
2.15,7.47,-6.90
2.31,7.28,-6.74
2.27,7.08,-6.77
2.40,6.48,-6.62
2.35,6.87,-6.76
2.87,6.79,-7.19
2.79,6.33,-7.18
2.09,6.40,-6.15
2.32,6.86,-6.38
2.51,7.14,-6.82
2.40,7.09,-6.75
2.52,6.96,-6.44
2.61,7.15,-6.75
2.57,7.33,-6.79
2.32,7.04,-6.47
2.07,6.58,-6.18
2.13,6.68,-6.06
2.46,5.93,-5.98
2.70,6.11,-6.25
2.91,7.44,-6.60
2.89,7.83,-6.17
2.65,8.01,-6.00
2.50,8.10,-6.15
1.80,7.96,-6.43
1.38,7.78,-5.97
1.97,7.10,-6.05
2.30,6.57,-6.00
1.85,8.29,-6.56
1.53,7.84,-6.49
1.59,7.34,-5.29
2.45,6.66,-5.68
2.33,7.73,-5.61
1.74,8.19,-3.65
1.74,8.19,-3.65
2.43,5.91,-7.33
2.08,6.49,-7.15
-0.39,10.62,-5.93
-0.39,10.62,-5.93
2.31,8.92,-5.30
2.56,9.18,-6.05
2.50,9.50,-6.22
1.70,10.38,-6.11
1.33,12.77,-5.10
1.94,10.36,-5.05
2.63,9.08,-4.17
2.16,11.43,-4.20
2.02,9.36,-7.19
1.81,8.98,-7.82
1.27,10.92,-7.34
0.61,11.89,-7.04
-0.12,9.41,-5.76
0.80,8.23,-5.92
0.47,3.79,-5.38
2.32,8.51,-5.86
1.29,5.23,-4.91
1.33,4.36,-5.02
2.24,8.19,-6.67
2.54,7.14,-6.94
2.56,5.60,-6.90
1.94,5.78,-6.49
1.27,6.73,-6.85
2.35,6.41,-6.56
1.04,3.91,-6.37
-0.32,4.89,-6.59
4.14,6.87,-6.91
3.84,7.06,-6.55
1.40,7.37,-6.88
2.91,8.07,-7.03
2.40,6.33,-6.66
1.10,5.91,-6.86
2.78,7.83,-6.79
4.05,7.67,-6.68
2.67,6.59,-6.20
3.15,7.36,-6.40
3.76,6.90,-5.76
3.15,6.12,-5.94
2.02,7.21,-6.98
3.35,7.32,-6.96
2.39,6.80,-7.13
1.76,6.73,-7.25
3.84,7.20,-6.74
3.81,6.85,-6.41
3.32,7.26,-6.19
3.10,6.96,-5.93
4.11,7.49,-5.97
3.83,6.73,-5.90
1.58,6.36,-6.65
2.17,6.77,-6.96
2.96,7.17,-6.76
2.96,7.17,-6.76
3.05,7.70,-6.69
3.77,6.83,-5.87
2.35,7.47,-6.54
3.27,6.80,-6.97
4.21,7.05,-6.66
3.47,6.65,-6.62
3.93,6.45,-6.54
3.01,6.36,-6.93
2.24,5.91,-6.94
3.73,5.78,-7.06
3.02,6.76,-6.83
3.58,6.13,-7.15
2.82,6.42,-6.94
3.71,7.21,-6.51
3.88,7.09,-6.71
3.17,6.55,-6.65
3.12,7.02,-6.82
3.65,6.65,-6.77
3.78,6.39,-6.54
3.19,6.90,-6.68
3.34,6.60,-6.71
3.43,6.38,-6.92
3.59,6.43,-6.58
3.12,6.57,-6.77
3.41,6.44,-6.77
3.46,6.78,-6.46
3.61,6.58,-6.80
3.37,7.13,-6.89
3.42,6.67,-6.61
3.52,7.01,-6.61
3.60,6.66,-6.58
3.07,6.64,-6.55
3.67,6.92,-6.79
3.29,6.63,-6.63
3.50,7.22,-6.86
3.59,6.26,-6.46
3.32,7.01,-6.80
3.28,6.63,-6.77
3.26,6.71,-6.66
3.56,6.74,-6.69
2.91,6.27,-6.24
2.97,7.07,-7.26
2.19,6.99,-8.41
0.62,4.15,-9.99
-2.84,3.81,6.65
-7.44,2.86,-5.97
1.34,12.91,-8.51
0.24,9.29,-6.42
4.40,9.19,-5.96
1.56,8.85,-5.61
1.79,8.09,-5.95
1.79,9.67,-6.03
1.05,8.95,-6.23
1.11,8.98,-6.42
1.17,9.21,-6.56
1.13,9.04,-6.28
0.93,7.86,-6.02
0.92,7.65,-6.14
0.76,8.08,-6.20
0.71,7.91,-6.01
0.44,7.57,-6.11
0.46,7.57,-6.32
0.74,7.54,-6.07
0.70,7.55,-6.06
0.56,7.48,-6.06
0.52,7.50,-6.05
0.42,7.58,-6.35
0.34,7.57,-6.35
0.62,8.04,-6.43
0.55,8.01,-6.52
0.42,7.99,-6.58
0.42,7.94,-6.54
0.49,8.27,-6.47
0.40,8.17,-6.51
0.31,7.76,-6.26
0.31,7.76,-6.26
0.40,7.59,-6.26
0.46,7.78,-6.15
0.51,7.53,-6.23
0.51,7.53,-6.23
0.52,7.35,-6.08
0.41,7.37,-6.02
0.52,7.28,-6.26
0.52,7.28,-6.26
0.21,7.60,-6.22
0.25,7.38,-6.27
0.35,7.83,-6.44
0.28,7.93,-6.36
0.37,7.60,-6.30
0.45,7.62,-6.35
0.09,7.80,-6.44
0.11,7.67,-6.45
-0.09,7.92,-6.55
-0.27,7.84,-6.56
-0.44,7.65,-6.67
-0.36,7.60,-6.76
-0.33,7.73,-6.53
-0.40,7.66,-6.66
-0.76,7.57,-6.58
-0.69,7.68,-6.60
-0.63,7.68,-6.80
-0.55,7.65,-6.87
-0.89,7.17,-6.47
-1.01,7.27,-6.45
-0.73,7.19,-6.66
-0.70,7.10,-6.69
-0.57,7.42,-6.73
-0.57,7.42,-6.73
-0.49,7.19,-6.50
-0.52,7.17,-6.48
-0.42,7.28,-6.63
-0.42,7.28,-6.63
-0.42,7.37,-6.64
-0.38,7.39,-6.55
-0.29,6.99,-6.40
-0.29,6.99,-6.40
0.00,7.40,-6.53
-0.18,7.41,-6.62
-0.39,7.31,-6.70
-0.46,7.09,-6.60
-0.07,6.23,-5.81
-0.09,6.10,-5.60
-0.33,5.91,-5.89
-0.50,5.68,-6.07
-1.34,6.75,-6.22
-1.55,7.51,-6.43
-1.62,9.47,-7.33
-1.83,9.53,-7.50
-1.54,8.71,-7.49
-1.62,8.51,-7.35
-1.63,7.51,-6.60
-1.44,7.25,-6.40
-0.90,6.24,-5.64
-0.85,6.16,-5.54
-0.64,5.80,-5.82
-0.44,5.97,-5.88
0.37,6.08,-6.08
0.43,5.25,-6.04
-0.10,3.62,-4.96
-0.40,3.67,-4.86
-0.36,5.69,-6.19
0.12,6.40,-6.34
-0.26,6.93,-4.36
-0.25,6.62,-4.07
-0.83,5.36,-3.20
-0.84,5.24,-2.81
-1.23,6.18,-0.14
-1.42,6.33,0.02
-0.06,7.11,0.92
-0.06,7.11,0.92
0.07,7.03,3.64
-8.01,6.03,3.97
-0.73,7.93,6.87
-0.45,8.09,7.80
-0.32,10.05,6.93
-0.32,10.05,6.93
-0.50,11.76,8.14
-0.37,11.73,7.86
3.04,17.01,6.77
3.04,17.01,6.77
3.08,16.01,7.15
3.22,15.36,7.30
4.43,13.13,8.52
4.63,12.13,8.06
5.33,12.85,7.51
5.12,13.08,7.02
6.06,8.40,7.70
5.95,6.28,8.34
6.39,4.04,10.09
6.11,4.93,9.68
5.55,6.08,11.25
1.16,5.76,11.01
-0.59,7.92,8.72
-1.88,6.16,6.66
-2.56,3.79,9.05
-3.90,4.53,8.99
-3.60,2.99,8.33
-1.52,7.69,7.85
0.06,8.09,8.01
0.31,11.38,7.95
4.21,8.27,8.03
4.67,10.54,6.23
5.84,10.94,4.88
4.44,10.89,4.43
3.15,11.31,4.70
4.20,9.00,5.75
3.07,9.40,4.23
2.98,9.12,3.05
3.64,8.85,1.98
4.45,9.06,1.80
3.77,8.03,1.47
4.09,8.91,1.07
3.74,8.84,0.72
3.85,8.18,0.75
4.10,7.88,1.00
5.69,8.47,1.41
5.68,8.28,2.24
6.81,9.35,2.82
6.79,9.30,2.85
6.00,9.46,2.34
5.66,9.46,2.09
4.82,10.55,1.76
4.36,10.77,1.33
3.61,12.47,0.29
3.13,12.42,0.05
3.21,13.81,-0.38
2.29,14.64,-1.05
2.03,14.72,0.22
1.83,13.56,0.33
2.23,11.52,-0.25
2.15,10.89,-0.94
2.57,7.68,-0.89
1.80,9.64,-2.62
2.55,3.27,-3.94
2.06,0.93,-3.49
1.08,1.06,-3.06
0.66,0.94,-1.83
-1.48,2.87,-0.28
-0.87,5.47,-0.49
-1.16,8.65,0.59
-0.09,12.10,1.94
-0.44,15.51,1.52
0.57,15.08,1.92
2.09,13.70,3.38
2.37,13.77,3.47
2.27,11.89,7.42
3.07,11.72,6.62
4.99,11.27,4.30
4.52,11.41,4.42
2.67,9.74,6.76
1.83,7.99,6.65
1.88,9.47,5.74
2.26,10.14,5.81
2.84,9.68,6.95
2.45,9.91,6.82
4.25,9.38,6.79
4.97,9.43,6.92
4.81,10.48,7.28
4.47,10.29,7.69
5.98,7.99,7.80
6.82,7.88,7.80
6.87,7.90,7.76
6.87,7.90,7.76
6.98,6.22,8.04
6.95,5.94,8.23
7.10,7.33,7.38
6.83,7.24,7.30
6.41,6.54,7.63
6.25,6.36,7.79
5.97,6.50,7.19
5.73,6.89,7.14
5.26,6.68,7.07
5.08,6.33,7.06
5.34,6.94,6.46
5.25,6.99,6.64
4.95,7.19,6.88
5.00,7.21,7.04
4.96,6.88,6.77
4.83,6.90,6.78
4.78,7.38,6.92
4.38,7.74,7.02
4.14,6.85,6.91
3.98,7.04,6.74
3.98,8.26,6.64
3.64,8.31,6.61
3.18,7.07,6.50
3.37,7.17,6.32
3.05,7.22,5.85
3.28,7.22,5.68
4.43,7.67,6.59
4.30,8.08,6.36
4.87,7.42,6.25
5.62,6.67,6.62
5.14,7.27,6.61
5.20,8.46,6.44
6.67,8.49,6.69
6.18,7.19,6.75
6.32,4.74,7.16
6.46,4.81,7.14
6.16,6.86,6.68
5.91,7.33,6.48
5.52,7.56,6.44
5.56,7.25,6.34
5.48,6.08,6.33
5.11,6.20,6.48
4.81,6.90,6.67
4.76,6.79,6.48
5.00,5.96,6.62
5.28,6.17,6.77
4.53,7.82,6.84
4.53,7.82,6.84
5.09,6.92,6.72
5.57,6.72,7.13
4.76,6.91,6.88
4.76,6.91,6.88
5.07,6.80,6.73
5.04,6.66,6.84
5.04,6.57,7.29
5.11,6.56,7.09
5.41,6.94,7.07
5.25,6.89,7.06
4.97,6.63,7.20
4.96,6.75,7.24
5.04,6.88,7.05
5.16,7.02,7.04
4.98,6.77,7.02
5.04,6.67,7.04
5.12,7.04,6.85
5.14,6.97,6.90
5.00,6.32,6.97
5.24,6.17,7.05
5.20,6.93,7.10
5.12,6.73,7.21
5.10,6.47,7.30
5.10,6.47,7.30
5.38,6.88,7.06
5.74,6.95,6.97
6.17,6.32,7.32
6.06,6.36,7.65
4.71,7.00,8.07
5.50,7.17,7.32
3.33,7.96,6.98
3.26,8.35,6.55
3.61,7.86,7.12
3.72,7.87,7.18
4.08,7.42,6.07
4.47,7.38,6.26
3.45,8.34,7.22
3.84,8.17,7.14
2.76,6.66,7.28
2.51,6.25,7.40
3.08,5.77,7.36
2.95,6.01,7.52
3.51,6.40,7.46
3.41,5.93,7.37
3.39,7.49,7.21
2.81,7.19,7.10
3.27,7.29,7.38
3.13,7.15,7.15
3.43,6.65,7.24
3.94,6.87,7.29
4.29,6.61,7.83
4.12,6.41,7.62
3.93,6.83,7.21
4.32,6.35,7.15
4.72,6.43,7.34
4.59,6.81,7.59
4.66,6.13,7.66
4.71,6.83,7.74
4.57,6.12,7.80
4.32,6.91,7.72
4.48,6.67,7.43
4.71,6.32,7.44
5.76,6.04,7.34
4.43,6.63,7.94
4.64,5.80,7.64
4.32,6.22,7.77
4.00,6.14,7.97
5.01,6.42,7.15
4.37,6.13,8.02
3.85,6.89,7.77
4.02,5.71,8.43
3.91,6.19,8.55
3.60,6.30,8.60
3.58,6.33,8.46
3.68,6.37,8.47
3.73,6.33,8.59
3.91,6.41,8.82
3.91,6.41,8.82
4.33,6.25,9.05
4.42,6.14,9.21
5.10,5.91,9.06
5.12,5.95,8.78
5.16,6.09,8.35
5.02,6.16,8.17
4.79,6.62,7.61
4.72,6.65,7.54
5.30,7.09,7.36
5.28,7.06,7.29
5.26,6.52,6.46
5.16,6.14,6.10
4.59,5.27,5.20
4.67,5.11,5.11
6.02,5.94,5.97
6.49,6.12,6.30
6.53,5.33,7.15
6.37,5.03,7.13
5.48,4.44,6.71
5.48,4.44,6.71
5.27,5.68,6.22
5.18,5.51,6.24
5.83,4.87,6.44
5.89,4.95,6.65
5.84,5.68,6.91
5.79,5.65,7.10
5.48,5.92,7.43
5.70,6.12,7.49
5.62,5.91,7.27
5.64,6.13,7.34
5.58,6.81,7.27
5.45,6.85,7.27
5.69,6.83,7.29
5.81,6.92,7.43
5.87,7.13,7.60
5.99,7.30,7.53
5.11,6.97,7.06
4.96,7.04,7.20
4.83,7.05,7.26
4.84,7.00,7.42
4.55,6.87,7.39
4.67,6.69,7.51
4.62,6.95,7.69
4.91,7.24,7.71
5.25,6.34,6.88
5.14,6.22,6.77
4.91,6.36,6.47
4.84,6.49,6.55
4.85,7.38,6.79
5.00,7.39,6.79
5.18,6.66,7.22
5.29,6.46,7.26
5.42,6.63,6.94
5.42,6.63,6.94
5.11,6.97,6.34
5.22,6.62,6.35
5.63,6.05,6.54
5.76,6.06,6.42
5.64,6.20,6.63
5.35,6.30,6.68
5.27,6.80,6.52
4.88,6.49,6.46
5.35,6.01,6.64
5.89,6.23,7.00
5.85,6.43,7.06
5.79,6.60,7.06
5.83,6.53,7.15
5.61,5.93,7.27
5.50,5.91,7.55
5.39,6.79,7.80
5.33,6.84,7.73
5.35,6.72,7.28
5.34,6.70,7.24
5.59,6.54,7.49
5.64,6.73,7.37
5.43,6.18,7.23
5.45,5.89,7.22
5.50,5.97,7.05
5.49,5.95,7.10
5.47,5.96,7.16
5.55,5.91,7.23
5.72,6.48,7.05
5.79,6.44,7.11
5.80,6.33,7.11
5.69,6.07,7.00
5.88,5.92,7.31
5.99,6.19,7.29
5.64,5.96,7.04
5.48,5.75,6.94
5.84,6.02,6.81
5.80,5.86,6.72
6.28,6.15,6.77
6.35,6.09,6.74
6.12,5.29,7.06
6.07,5.21,7.01
5.95,5.68,6.88
5.92,5.82,6.94
6.19,5.18,6.86
6.26,5.22,6.81
6.28,5.17,7.04
6.26,5.19,7.25
6.53,5.29,7.58
6.61,5.56,7.57
6.37,5.38,7.10
6.24,5.30,6.96
6.32,5.34,6.97
6.37,5.43,7.14
6.46,5.65,7.31
6.12,5.31,7.26
6.27,5.27,7.24
6.36,5.54,7.27
6.13,5.37,7.08
6.25,5.35,7.15
6.34,5.52,7.18
6.56,5.57,7.16
6.22,5.72,7.06
6.35,6.19,7.42
6.48,6.07,7.40
6.87,6.22,6.89
6.14,5.85,6.70
5.94,7.01,6.57
5.85,6.61,6.37
5.08,6.46,5.97
4.76,7.19,6.23
4.71,7.11,6.95
4.55,7.14,7.07
4.58,7.13,7.23
4.46,7.45,7.86
4.28,7.57,7.39
4.77,8.26,7.30
4.29,7.68,7.70
4.45,7.65,7.16
4.55,7.93,6.60
3.51,9.99,6.37
3.41,9.45,6.51
3.96,8.89,5.75
4.04,9.25,5.66
3.96,9.08,5.84
4.07,8.84,5.92
4.25,10.26,5.47
4.08,10.43,5.45
3.78,10.32,5.00
3.73,10.31,4.85
3.86,10.66,4.62
3.97,10.32,4.63
4.12,8.39,4.25
4.20,8.69,3.88
4.09,10.88,3.05
3.83,10.49,2.89
3.64,10.57,2.78
3.60,10.80,2.60
3.56,10.29,2.12
3.56,10.29,2.12
3.43,9.72,1.61
3.37,9.89,1.37
3.20,10.04,1.01
3.20,10.04,1.01
3.21,10.22,0.21
3.12,10.28,0.12
2.70,10.47,-0.20
2.61,10.33,-0.29
2.72,10.46,-0.79
2.71,10.96,-1.08
3.16,10.01,-1.53
2.96,10.08,-0.57
3.99,9.31,1.60
4.70,8.39,-2.20
2.46,8.18,-2.40
2.29,8.29,-1.89
2.08,6.68,-2.47
1.94,7.33,-2.97
1.80,8.57,-3.90
1.91,8.66,-4.07
1.18,8.17,-4.04
1.18,8.17,-4.04
0.97,8.05,-4.41
1.02,7.88,-4.57
0.62,8.48,-4.87
0.47,8.14,-4.92
1.23,8.54,-5.27
1.00,8.72,-5.31
0.81,6.73,-5.95
0.90,7.16,-5.92
1.00,7.78,-5.99
0.81,7.80,-5.88
0.37,6.08,-5.58
0.62,6.72,-5.90
0.61,7.04,-6.05
0.59,6.51,-6.01
1.29,7.57,-6.03
1.16,7.00,-6.04
1.15,6.18,-5.58
0.59,7.28,-7.11
0.78,6.29,-6.44
0.70,6.32,-6.94
0.83,6.14,-6.97
0.78,7.30,-7.56
1.70,6.79,-7.41
1.57,6.62,-7.68
1.05,6.61,-7.79
0.96,6.75,-8.14
1.28,5.57,-7.51
1.04,5.57,-7.17
1.12,5.78,-7.33
1.42,6.10,-7.21
1.53,5.78,-7.23
1.68,5.90,-7.44
1.81,7.19,-7.73
2.19,6.34,-7.66
2.18,5.84,-7.71
2.25,5.97,-7.16
2.18,6.49,-7.14
2.28,5.97,-7.23
2.18,6.08,-7.35
1.89,6.39,-7.32
1.93,6.44,-7.34
2.44,6.78,-7.61
2.27,6.57,-7.45
2.26,5.78,-7.09
2.35,5.71,-6.88
2.13,6.19,-7.24
2.20,6.35,-7.35
1.98,7.03,-7.34
2.07,6.98,-7.33
1.96,6.77,-7.22
1.96,6.77,-7.22
2.21,7.25,-7.49
2.10,6.98,-7.35
2.00,6.42,-6.93
2.00,6.42,-6.93
2.14,6.96,-7.22
2.26,7.14,-7.43
2.57,6.90,-7.30
2.47,6.89,-7.33
2.10,6.91,-7.03
2.05,6.73,-7.07
1.99,6.54,-7.06
1.96,6.48,-7.02
2.08,6.49,-7.10
2.37,6.39,-7.45
2.18,6.60,-6.93
2.31,6.43,-7.11
2.27,6.74,-7.20
2.28,6.19,-7.24
2.36,6.70,-7.10
2.14,6.70,-7.30
2.28,6.51,-7.09
2.47,6.72,-7.30
2.13,6.33,-6.95
2.04,6.60,-7.12
2.28,6.78,-7.18
2.52,6.76,-7.24
2.32,6.27,-6.90
2.27,6.32,-7.29
2.25,6.27,-6.87
2.58,6.50,-7.02
2.71,7.16,-6.97
2.43,6.76,-6.98
2.72,6.85,-7.04
2.58,6.13,-7.09
2.22,6.40,-7.21
2.26,6.41,-7.16
2.47,6.08,-7.43
2.67,6.29,-6.69
2.56,6.58,-6.69
3.30,6.86,-7.08
3.47,7.09,-7.26
3.20,6.84,-6.60
3.20,6.84,-6.60
2.63,6.89,-6.54
2.71,7.31,-6.53
2.31,7.38,-6.09
1.96,7.45,-6.15
2.39,7.10,-6.57
2.54,7.10,-6.27
2.82,7.21,-6.58
3.00,6.93,-6.98
2.63,7.63,-6.02
2.51,7.39,-6.12
2.68,5.85,-6.57
2.57,5.90,-6.44
2.06,7.04,-6.20
2.20,7.14,-6.32
2.50,7.13,-6.36
2.93,7.13,-6.07
3.73,7.30,-5.76
3.50,6.46,-6.29
2.22,7.85,-5.96
1.74,8.68,-6.04
1.70,7.20,-5.87
1.80,7.46,-5.87
2.98,7.47,-4.99
2.96,7.87,-5.08
2.74,7.03,-4.89
2.45,6.75,-5.05
0.64,8.48,-6.58
0.34,8.63,-7.02
0.95,8.23,-5.80
1.17,8.30,-5.90
3.37,8.33,-5.91
4.04,7.54,-5.50
3.21,9.51,-3.71
3.26,9.45,-3.51
3.73,8.13,-6.36
3.41,10.61,-6.96
1.34,12.92,-5.30
1.96,12.36,-5.23
3.88,10.80,-4.51
3.78,10.85,-4.33
3.10,9.80,-7.22
2.39,10.34,-7.45
1.11,10.82,-7.01
0.66,11.25,-7.07
-0.55,3.53,-6.38
-1.34,2.37,-4.92
2.25,7.48,-4.84
2.92,8.17,-5.36
1.87,5.81,-5.53
2.02,6.26,-5.43
2.87,7.49,-6.15
2.87,7.49,-6.15
1.53,7.83,-7.66
2.95,4.03,-5.97
3.16,6.16,-6.27
1.40,7.06,-6.90
2.37,6.89,-7.34
3.44,7.73,-6.26
2.95,6.25,-5.61
4.38,7.28,-5.56
3.02,7.34,-6.33
1.59,6.64,-6.86
3.40,7.42,-6.70
4.15,8.01,-6.05
2.97,7.35,-6.36
3.04,8.46,-6.87
3.83,7.95,-6.59
3.42,8.07,-6.05
4.61,5.82,-5.51
2.52,5.94,-5.92
1.98,6.36,-7.16
3.90,6.54,-7.04
3.85,7.58,-6.40
2.69,6.25,-6.77
3.01,6.84,-7.26
2.62,6.66,-6.96
4.35,7.53,-6.43
3.58,6.61,-6.58
3.16,7.17,-6.88
2.93,6.43,-6.66
3.78,6.87,-6.17
4.14,6.82,-6.24
3.84,7.41,-6.64
3.18,7.21,-6.54
3.83,6.33,-6.43
3.76,6.64,-6.65
3.20,6.94,-6.62
3.65,6.57,-6.68
3.21,7.15,-6.75
2.88,7.27,-6.63
4.33,6.40,-6.40
4.43,6.53,-6.34
3.14,7.26,-6.49
3.02,6.74,-6.71
3.64,7.15,-6.78
3.64,7.15,-6.78
3.25,6.75,-6.35
3.24,6.56,-6.35
3.02,6.25,-6.54
3.02,6.25,-6.54
3.33,6.92,-6.73
3.53,7.03,-6.80
3.07,7.24,-6.87
3.07,7.24,-6.87
3.45,6.77,-6.25
3.05,6.60,-6.23
3.65,7.03,-6.38
3.70,7.02,-6.47
3.29,7.00,-6.51
3.36,7.13,-6.64
3.23,6.67,-6.65
3.15,6.62,-6.52
3.31,7.04,-6.60
3.53,6.97,-6.63
3.33,6.66,-6.17
3.30,6.32,-6.21
3.68,6.94,-6.50
3.68,6.94,-6.50
3.57,6.70,-6.34
3.24,6.65,-6.39
2.89,6.64,-7.09
3.23,6.92,-7.19
2.57,3.98,-17.41
28.51,8.07,4.09
-8.66,-2.15,2.36
14.96,7.49,-5.44
-2.19,17.64,-21.02
-0.87,4.88,-1.56
-0.66,12.96,-9.47
-0.16,12.52,-8.49
1.49,9.04,-6.32
1.83,9.08,-6.61
2.41,9.07,-6.27
2.41,9.07,-6.27
1.52,8.10,-5.52
1.30,7.91,-5.49
0.83,9.05,-5.91
1.42,8.98,-6.21
1.20,9.50,-6.22
1.12,8.16,-5.90
1.02,8.03,-5.64
0.68,8.26,-5.94
1.04,8.42,-5.85
0.94,8.22,-5.51
1.27,8.45,-5.86
0.83,8.08,-5.58
0.59,7.93,-5.99
0.48,8.13,-5.95
0.49,8.27,-6.15
0.28,7.94,-5.86
0.79,8.38,-6.09
0.55,8.01,-5.76
0.38,7.98,-5.93
0.61,7.94,-5.94
0.57,7.96,-5.73
0.29,8.35,-5.97
0.45,8.27,-5.91
0.54,7.88,-5.99
0.00,8.12,-6.20
0.06,8.25,-6.20
0.09,8.37,-6.20
0.06,8.08,-6.20
0.21,8.04,-6.18
0.04,7.52,-6.28
-0.10,7.16,-6.27
0.42,6.70,-5.91
0.95,6.61,-5.49
1.28,7.32,-5.55
0.66,6.37,-5.08
-0.44,6.79,-5.35
-1.60,8.19,-6.06
-3.13,8.97,-6.33
-2.81,6.08,-4.93
-3.29,6.50,-5.46
-3.04,5.25,-4.56
-2.86,7.13,-5.84
-3.68,5.49,-2.80
-2.75,5.56,-2.21
-1.51,5.70,-0.25
-1.59,7.63,2.61
-0.32,10.05,3.87
0.68,11.11,6.59
3.35,10.18,7.38
5.52,12.27,7.66
6.20,11.39,9.14
7.85,11.16,8.22
6.77,10.30,7.94
7.07,7.98,7.47
6.67,7.52,6.53
5.71,7.63,6.18
5.54,7.25,6.05
4.52,7.55,6.24
4.91,5.63,6.05
4.86,7.06,6.96
5.19,6.50,7.52
4.92,6.26,6.92
4.39,6.98,6.37
4.08,8.99,7.94
3.74,9.45,6.71
4.32,8.62,5.57
4.02,9.05,5.42
5.17,8.35,6.30
4.43,6.27,7.20
3.65,7.88,5.55
4.26,7.60,5.24
4.45,6.67,6.92
3.49,6.67,6.33
7.38,10.18,5.44
5.01,5.24,8.01
4.47,8.82,4.72
7.37,9.91,5.76
9.78,4.55,7.46
7.97,5.66,7.41
7.68,6.34,7.21
5.65,5.88,7.38
4.47,6.39,7.52
2.66,7.24,7.60
1.82,7.13,7.99
0.15,6.43,8.03
-1.15,6.32,7.80
-1.31,6.30,7.72
-2.71,6.81,8.17
-3.73,6.70,7.06
-3.33,5.54,7.53
-3.38,5.27,7.35
-2.95,4.93,7.21
-2.71,5.44,7.24
-2.01,6.45,7.17
-1.71,6.30,7.45
-0.49,8.16,7.95
-0.05,8.59,7.92
0.62,8.15,7.39
0.61,7.93,7.40
1.14,8.55,7.75
1.48,8.76,7.79
1.65,8.96,8.04
1.51,8.70,7.83
0.19,7.75,7.76
-0.41,7.91,7.70
-1.87,8.71,7.79
-2.63,8.59,7.88
-5.85,9.31,8.15
-6.55,9.18,7.78
-7.11,7.75,8.35
-7.29,7.15,8.39
-7.44,7.20,8.47
-6.80,7.47,8.67
-6.14,7.50,8.90
-6.46,7.16,8.76
-5.17,6.92,8.09
-5.17,6.87,7.88
-4.73,6.27,7.37
-4.20,6.37,7.15
-1.90,5.75,5.91
-1.83,5.48,5.55
-1.58,7.08,5.40
-1.45,7.35,4.88
-0.34,4.78,4.19
0.17,5.18,4.13
-0.91,8.03,4.28
-0.55,7.97,4.43
0.33,8.23,5.51
-0.30,8.90,5.85
-1.45,9.92,6.26
-1.70,9.72,5.88
-1.68,8.46,5.44
-1.60,9.01,5.66
-1.11,10.81,6.77
-1.11,10.81,6.77
-1.28,9.72,7.20
-1.47,9.88,7.32
-1.13,9.59,7.53
-0.66,9.12,7.37
-1.47,8.32,7.35
-1.47,8.32,7.35
-1.58,8.46,6.68
-1.92,8.61,6.30
-0.87,6.45,6.72
-1.23,6.78,6.70
-0.64,5.69,6.05
-3.83,6.94,5.96
-2.97,5.41,6.28
-1.68,5.87,6.45
-1.91,6.68,7.09
0.49,5.80,7.72
-1.12,7.71,8.57
-0.82,5.96,8.78
0.70,6.19,9.78
1.63,7.26,9.98
0.75,5.70,10.69
-0.03,7.35,10.72
0.65,5.88,10.03
0.77,6.48,9.84
1.33,6.24,9.61
1.00,5.86,9.61
0.74,6.13,9.89
1.62,5.35,9.88
0.22,4.65,9.30
1.38,5.25,9.71
2.80,5.60,10.38
0.93,8.28,9.15
0.84,5.72,9.33
-0.32,5.04,8.78
-0.11,5.18,9.75
0.21,5.52,9.57
1.45,4.32,9.12
1.04,5.72,8.58
0.57,5.69,9.38
-0.19,6.36,9.21
0.31,5.85,8.92
0.97,5.56,8.78
0.95,5.85,8.81
1.27,5.83,8.81
1.22,5.80,8.89
0.80,5.34,9.42
0.83,5.39,8.97
0.26,5.60,8.76
0.30,6.06,8.38
1.49,5.92,8.33
3.20,6.02,8.75
-0.36,8.26,12.22
2.02,6.82,11.95
5.16,7.47,13.07
8.20,2.76,15.23
8.60,3.38,14.42
7.44,3.36,14.36
6.52,4.88,13.66
6.24,3.89,13.50
6.58,2.83,14.51
5.01,1.86,15.08
3.53,-0.64,15.08
0.98,-0.40,11.42
-3.29,-4.51,2.14
-3.32,0.97,4.87
-3.46,0.94,5.05
-4.03,3.27,4.03
-3.89,4.37,2.81
2.73,2.62,4.55
-0.48,12.83,1.53
-0.00,10.71,3.94
-0.00,10.71,3.94
3.48,11.49,2.51
4.64,17.90,3.99
9.86,14.17,0.75
10.45,14.22,0.42
11.65,9.64,0.23
10.66,6.98,0.89
11.39,6.11,1.44
12.97,5.17,2.55
13.97,5.24,3.47
13.68,1.51,3.04
13.68,1.51,3.04
8.78,4.27,5.23
9.31,3.53,5.18
10.09,4.49,5.79
10.09,4.49,5.79
9.11,2.62,6.90
8.80,1.33,5.69
9.39,3.49,4.98
9.41,4.04,4.90
8.85,3.92,5.05
8.63,3.75,5.14
8.75,4.23,4.81
8.58,4.68,4.66
8.86,5.67,3.85
9.16,5.48,3.68
9.27,5.33,3.39
9.13,5.08,3.32
8.69,4.84,3.77
8.59,4.82,4.03
7.58,5.64,4.28
7.49,5.93,4.49
7.53,7.16,4.90
7.50,7.65,4.98
7.32,7.69,5.16
7.36,7.65,5.12
7.91,7.57,5.33
8.24,7.40,5.35
9.49,6.32,5.90
10.30,6.06,5.97
11.39,3.74,5.42
11.31,3.45,5.45
11.28,4.29,5.74
10.99,3.95,5.30
10.09,2.85,4.08
9.76,2.76,3.76
8.65,3.36,3.79
8.75,3.16,4.09
8.24,3.76,5.28
8.16,3.89,4.89
7.20,5.05,4.71
6.55,5.17,4.95
7.28,4.43,5.41
7.65,4.73,5.25
7.85,4.50,5.30
7.55,4.41,5.28
7.15,4.21,5.25
6.57,4.91,4.99
6.81,4.45,5.52
7.26,4.78,6.04
8.11,4.81,6.15
10.46,5.49,6.83
11.13,4.51,7.71
9.58,3.30,6.79
8.43,4.35,5.36
8.74,3.26,5.60
10.49,4.04,5.32
8.76,3.46,4.65
9.01,3.47,5.58
8.45,3.92,7.07
8.19,4.03,7.11
8.26,4.03,6.49
8.12,3.71,6.37
7.95,5.11,7.28
9.40,5.72,7.40
8.88,6.36,6.13
9.09,5.15,5.15
10.61,4.43,2.81
10.32,6.98,0.87
11.83,6.17,-4.34
8.97,2.75,-1.53
7.09,1.79,-1.16
6.71,1.11,-1.11
7.70,0.84,-1.31
9.30,1.40,-2.26
10.39,1.33,-2.61
10.22,1.20,-2.10
9.97,1.78,-1.96
10.06,1.29,-1.67
10.23,0.92,-1.45
10.16,1.04,-1.49
