gX,gY,gZ 
-2.08,10.12,26.64
-1.85,-12.53,27.84
-122.26,-45.72,8.57
22.28,-47.56,-32.17
-3.44,-11.62,-17.43
5.03,-2.78,-12.75
2.43,-1.57,-9.56
4.37,-1.36,-4.99
1.75,-0.72,-6.68
5.73,-1.46,-3.61
0.12,-1.46,-4.18
-5.36,4.25,-6.20
-0.49,2.35,-0.51
5.15,6.49,-0.60
49.81,6.96,35.42
88.73,18.11,-3.28
-35.55,30.91,-22.75
-7.29,4.14,-9.99
-9.05,0.80,-11.56
6.20,11.56,2.62
7.95,14.84,7.21
4.14,4.33,-0.74
-1.63,12.92,0.51
0.08,8.04,-0.56
4.60,38.57,15.85
27.36,77.25,-13.37
-56.36,60.05,-27.06
-8.96,41.27,-12.57
-46.84,16.51,5.93
13.83,-9.66,3.28
5.91,-1.69,6.35
-25.61,11.05,1.63
6.72,3.34,-3.77
5.95,-0.43,4.29
9.87,-5.79,34.41
-10.24,-30.29,53.23
-41.65,-44.14,48.45
48.73,-23.76,28.09
-0.02,11.02,34.78
8.72,5.23,48.67
11.77,5.63,26.99
12.01,-1.30,12.16
-1.85,0.04,-0.10
-39.75,0.80,-14.32
-5.44,-8.49,-2.99
-0.37,-1.88,10.41
24.11,3.40,24.23
-0.27,-4.08,18.71
9.66,-8.84,5.89
-0.52,-25.49,-4.95
4.20,-18.24,-11.17
-1.73,-8.68,-13.02
0.31,3.63,-19.25
-9.95,3.52,-10.53
-19.58,5.60,-5.27
-30.54,-7.03,-7.13
3.23,-14.92,-15.23
6.22,-8.80,-9.33
16.48,8.16,4.55
21.29,17.37,6.00
-0.56,6.61,-6.12
2.31,10.37,-8.78
5.69,8.49,-5.07
0.58,7.15,-6.20
7.11,5.77,-9.91
-2.95,7.07,-6.70
2.82,8.63,-10.36
-0.35,1.03,-4.55
-9.15,3.79,-10.71
-2.33,5.81,-12.61
3.71,3.73,-1.61
24.29,22.65,11.54
-7.54,11.09,-12.16
-8.80,-5.93,-42.33
21.47,-17.49,-38.57
27.82,3.07,-43.81
18.50,-1.32,-106.66
-15.85,18.50,-132.35
51.54,8.12,-95.06
29.41,49.58,-48.07
-28.73,9.01,11.40
16.84,49.87,55.31
86.11,-14.26,41.73
186.57,-9.83,-13.48
355.77,1.15,42.37
422.72,3.42,140.06
244.27,-68.99,122.30
269.67,-24.44,59.51
178.08,-15.80,-9.54
169.84,-68.31,-60.40
216.94,-58.60,-31.01
310.12,-50.13,10.90
294.77,-72.45,43.21
296.28,-54.94,-23.41
320.53,-125.59,56.34
487.19,-51.23,85.37
500.11,-35.36,104.76
217.60,53.68,-56.73
-133.38,68.15,-44.01
-162.83,-5.91,-36.25
-23.59,-68.56,-135.2
67.47,-28.50,-34.60
-143.98,-45.60,-76.0
-177.58,25.12,-135.6
-40.08,-123.99,-155.
-259.49,-128.07,32.2
-219.74,-87.35,64.00
-202.72,51.99,29.24
-83.64,122.98,34.17
-131.36,8.49,6.78
-116.20,-5.17,-50.03
-130.05,-74.92,-0.49
-31.01,-38.92,69.32
-55.18,5.46,-66.00
-230.61,-70.31,-11.5
-315.28,-92.11,-0.56
-172.66,10.86,60.09
-5.15,42.66,56.36
66.37,68.19,121.23
318.72,114.47,224.94
137.28,187.17,41.98
87.86,190.17,-17.95
-55.18,154.11,-153.6
-55.39,-18.98,-175.9
-636.63,-293.25,-31.
-367.64,-146.35,147.
267.28,-131.30,-37.0
-230.81,-203.82,254.
56.50,149.31,271.41
269.82,267.16,218.90
288.96,240.33,293.31
428.43,220.24,82.61
353.40,303.41,-41.71
240.93,285.68,-262.0
-127.55,132.85,-164.
-240.10,13.19,-14.51
-267.82,25.47,-118.3
-498.90,-212.72,-88.
-315.98,-471.29,-93.
-204.48,-324.14,-230
246.31,-323.77,-304.
-250.92,-400.77,-279
112.63,-36.89,-146.4
147.85,50.65,28.85
94.95,20.89,24.52
24.34,83.02,-16.03
244.89,72.47,6.28
192.63,72.58,-29.26
117.11,102.33,-1.05
57.64,93.90,-39.94
-41.40,118.20,-20.65
-69.71,59.14,-52.85
-80.34,68.49,-76.28
-13.93,132.00,-73.96
-99.80,53.56,-178.94
23.64,-13.52,-233.00
-42.86,-51.56,-251.6
-40.61,-42.00,-285.0
37.65,42.26,-100.74
131.37,87.99,8.51
90.61,56.89,146.47
147.38,32.43,206.78
168.35,-15.45,196.63
191.31,31.14,168.60
146.04,57.00,167.80
133.12,45.46,125.22
107.73,60.25,117.44
8.68,95.10,75.36
-146.92,100.62,-119.
-109.98,114.55,-46.1
-40.43,373.43,13.60
188.86,470.77,-42.47
-190.96,177.26,-191.
-435.43,-234.00,-101
-383.69,-469.39,-252
-636.63,-348.80,-309
51.99,-292.49,-433.9
-13.00,-79.81,-163.5
162.77,-17.89,54.13
92.19,-48.10,29.24
95.02,87.86,22.48
204.58,131.78,-33.61
125.95,61.53,-21.37
-5.77,3.05,-17.39
16.69,0.23,-20.19
6.94,29.22,-10.34
43.81,77.32,-24.15
21.95,117.87,-39.71
-4.95,67.69,-100.97
-92.25,72.91,-154.75
-74.62,130.05,-131.7
-17.29,91.41,-174.91
-13.76,16.20,-198.19
16.30,-51.97,-202.21
10.49,10.78,-108.64
135.79,56.56,-50.96
-12.67,-40.88,36.06
169.77,-37.69,99.38
153.95,-35.32,131.34
214.64,17.56,160.52
167.80,87.66,157.88
161.97,26.19,148.10
199.84,48.07,76.12
95.35,114.03,46.88
19.70,162.56,-61.43
-74.70,183.44,-100.7
137.46,160.60,-84.38
99.73,253.54,-177.17
26.21,208.52,-376.02
-222.71,86.30,-287.3
-636.63,-352.72,-51.
-467.18,-437.16,17.0
-332.63,-280.41,-350
-298.85,-254.80,-230
239.65,-191.04,-439.
-0.54,-75.73,-101.42
2.41,-23.55,20.87
214.51,82.34,-15.13
105.57,219.79,-18.07
38.53,178.00,-28.95
-103.53,115.64,35.52
9.75,122.87,25.04
-41.11,42.76,-61.76
86.65,72.78,-46.61
-59.35,76.04,-109.58
-62.64,60.54,-193.78
-27.61,53.54,-291.52
57.00,-41.83,-292.90
58.50,-83.29,-239.07
54.48,-10.57,-90.17
67.79,9.89,48.82
163.37,-24.52,101.82
241.42,-1.17,150.51
285.25,46.32,157.68
216.30,79.79,96.11
144.28,125.37,88.42
124.52,139.03,69.69
106.93,142.08,62.75
150.24,172.31,85.74
84.03,159.29,27.61
5.50,82.05,-71.09
-45.62,73.98,-143.79
15.56,126.96,-91.41
-279.09,99.01,-167.5
-18.73,214.59,-162.9
272.27,65.03,-241.51
88.55,16.96,-327.35
-30.89,21.33,-201.36
-298.44,136.00,-32.6
-596.82,78.34,179.48
-348.08,-305.53,137.
-606.11,-225.00,48.9
-414.78,-214.86,-87.
-198.97,-229.20,-488
34.91,-100.83,-153.9
185.29,-188.84,-275.
272.29,32.78,45.52
105.98,26.19,12.41
138.19,153.95,44.24
251.66,101.20,25.80
226.17,106.80,2.20
42.35,85.31,-41.09
-125.24,130.40,-148.
27.92,80.20,-107.73
80.51,35.13,-118.63
9.93,-37.83,-176.51
-23.94,1.69,-190.61
-94.52,45.48,-288.06
-0.31,-102.91,-300.5
55.62,-150.73,-270.1
21.64,-97.36,-154.75
115.23,-9.69,-28.66
63.53,24.54,98.37
144.12,29.92,144.12
159.00,23.45,158.87
299.88,-0.19,144.99
257.78,178.88,79.50
145.91,191.64,93.28
94.79,189.76,154.34
151.29,131.12,169.26
115.99,97.55,78.53
88.13,120.24,9.75
-221.81,-19.16,-113.
-47.52,136.97,-112.3
67.26,196.48,-181.75
-145.07,191.10,-188.
-190.88,276.93,-32.3
-400.75,-42.66,23.68
-215.99,-181.48,-5.5
-607.95,-242.06,-297
38.12,-239.49,-148.0
109.83,-197.04,-345.
197.00,-28.52,-17.47
-50.22,-41.23,39.40
108.37,49.60,27.57
158.79,87.56,-3.98
139.86,166.40,-5.73
8.24,58.09,-5.34
77.19,67.07,-18.42
9.68,-10.22,-20.89
-105.83,13.00,-72.43
-82.88,41.75,-174.70
-95.67,-57.18,-173.2
-81.33,-32.23,-241.9
-75.21,-28.42,-284.0
71.77,-6.72,-150.86
36.21,-1.05,20.85
154.77,61.45,52.32
114.51,34.45,68.08
151.50,-11.89,94.95
232.03,-26.07,126.09
201.65,6.80,126.50
219.56,148.98,126.83
202.19,164.64,122.26
106.20,145.54,125.33
147.11,130.75,107.21
150.38,91.08,80.24
99.92,103.28,48.38
-87.12,-28.05,-120.6
-172.33,13.46,-268.2
23.04,187.68,-82.73
-187.31,243.98,-42.4
-636.63,297.29,-51.2
-636.63,142.45,174.4
-542.15,-287.07,-104
-144.14,-124.79,-237
79.36,-152.22,-380.3
-46.84,-200.85,-240.
243.30,-72.95,-90.13
-28.44,-84.42,55.88
197.96,47.39,26.62
167.51,92.25,13.52
105.30,142.72,-31.16
44.37,206.31,8.35
1.50,99.90,50.94
-5.07,101.34,17.78
84.42,52.83,10.45
-25.55,-18.73,-18.69
-96.09,80.24,-131.30
17.74,40.80,-165.92
-55.08,32.12,-235.32
-55.84,-124.13,-225.
34.25,-210.56,-265.7
94.93,-53.60,-4.55
42.49,10.86,43.00
193.68,-34.66,43.17
275.05,30.35,80.18
208.52,64.39,96.31
148.06,109.81,106.86
140.95,97.55,109.09
160.11,56.34,95.39
203.12,34.78,84.96
94.99,83.81,78.98
-84.69,14.57,-12.82
-143.91,49.72,-25.65
-159.93,40.70,-67.44
-70.89,178.53,18.48
-145.19,295.51,-139.
-398.50,283.62,66.21
-636.63,350.93,215.9
-636.63,-69.96,-237.
-251.36,-322.49,-289
-71.65,-262.73,-216.
63.45,-133.34,-377.8
145.25,-20.50,-1.09
-175.73,-57.12,-30.6
104.62,62.37,2.78
76.31,97.98,-85.58
48.28,99.20,45.42
39.38,95.98,30.60
-22.34,79.02,-13.97
-92.85,34.49,-21.84
-67.90,7.11,-144.06
-50.96,-27.24,-198.8
-105.46,-62.75,-303.
-8.65,-102.85,-332.9
145.87,49.91,-162.77
80.69,55.84,84.73
136.50,80.06,163.14
234.03,80.65,159.41
280.24,35.18,115.83
311.28,63.45,62.73
233.45,52.42,40.51
132.70,110.49,32.78
126.63,91.22,33.82
173.73,67.65,21.08
176.20,22.30,35.57
1.19,-25.06,35.50
-30.56,33.92,-34.21
38.47,127.26,44.72
21.90,262.83,45.66
-399.74,226.42,60.69
-253.52,141.52,-54.5
-403.90,-173.71,1.79
-24.42,-250.92,24.34
-75.62,-65.88,94.27
47.17,-65.34,76.99
-17.54,-48.10,1.46
-40.35,-55.47,-24.46
-18.55,-33.13,-63.57
50.75,-57.18,-32.56
-12.07,18.96,9.50
-14.05,-56.15,-4.20
-96.75,-60.36,33.01
-70.87,-121.39,24.29
-41.21,-117.91,16.75
22.11,-86.96,32.35
23.72,-63.05,6.72
-14.49,-84.69,5.73
4.06,72.51,-45.58
-65.43,106.53,-44.49
-116.01,169.47,26.21
196.36,100.89,56.13
105.19,98.23,48.05
175.05,45.54,42.59
67.28,6.63,34.54
-71.94,-54.81,-8.39
-14.36,-112.57,-83.4
-10.14,-148.41,38.27
35.07,93.02,13.43
-170.35,82.75,32.12
-69.44,92.44,34.14
63.36,12.18,-39.50
114.72,-18.09,25.70
101.38,28.75,-9.01
82.38,65.55,-23.26
245.79,105.94,-21.90
104.16,88.96,-70.62
-19.12,32.62,-25.20
-136.78,-80.36,-34.5
-43.29,-81.52,26.87
37.46,5.96,-40.45
-3.67,56.69,23.37
-21.99,-99.75,135.45
129.33,25.41,2.06
78.45,22.77,-111.42
86.22,169.59,-62.48
101.90,137.79,-82.59
53.60,17.95,-386.28
59.92,170.29,-451.94
-172.35,174.21,-311.
-636.63,213.05,77.87
-636.63,-401.12,157.
-535.00,-374.29,-121
-325.76,-326.61,-388
55.29,-208.08,-333.9
84.59,-129.51,-104.6
185.17,21.86,2.74
69.94,104.76,-19.37
-130.99,101.90,19.20
64.06,167.86,60.36
195.88,155.91,107.67
66.33,102.29,44.53
-5.11,102.35,-49.58
-22.17,90.15,-73.87
27.37,75.29,-146.47
-37.24,76.35,-220.84
11.09,11.13,-286.86
31.78,-107.69,-308.7
172.87,-108.95,-177.
113.83,-17.23,31.32
73.93,38.86,90.92
136.23,-30.19,126.28
183.62,-58.60,148.80
251.71,-41.30,142.70
205.34,39.61,93.08
181.58,96.31,89.93
133.18,103.98,102.68
189.14,122.48,111.27
111.27,100.74,86.20
32.58,79.64,-60.62
-16.42,232.95,-146.2
-91.74,322.14,-250.0
-242.70,464.24,-229.
0.00,0.00,-0.00
0.00,0.00,-0.00
-566.40,-418.62,-21.
-74.90,-273.92,-223.
-201.82,-148.88,-154
568.42,-220.01,-328.
102.33,-230.73,-187.
-2.51,-20.07,15.93
106.56,105.30,-8.67
24.30,89.68,6.94
-45.40,90.79,60.42
-10.94,119.50,13.31
159.33,129.61,31.09
113.15,47.06,-50.96
-41.15,54.01,-116.18
-15.81,-19.93,-216.9
-104.23,-78.96,-298.
-85.39,-121.43,-371.
-82.63,-116.76,-348.
81.09,-27.41,-2.56
130.13,133.69,107.83
146.06,82.61,92.42
109.65,145.17,109.93
31.45,189.15,9.85
-59.63,152.12,-109.8
-235.63,26.79,-130.9
64.50,-60.93,-25.18
-137.88,-114.04,-54.
-56.36,-27.74,-213.9
29.01,-196.48,-92.28
-166.15,-99.22,-98.6
61.08,55.80,41.93
-230.25,28.19,-51.41
-70.06,122.59,36.08
-80.63,101.05,-4.90
-1.44,43.09,28.04
4.84,-5.81,97.24
-23.51,32.08,43.89
148.41,40.82,58.21
32.87,6.63,53.49
51.82,-8.14,49.79
173.51,-10.72,61.02
-8.49,25.49,1.61
-72.04,-87.72,-91.70
-239.49,-111.87,-170
-115.37,-5.17,-55.51
32.08,89.93,64.11
-4.06,30.54,128.27
231.94,191.87,-10.32
122.53,-19.53,14.84
108.06,-1.38,39.52
50.44,-1.90,32.76
-59.26,-31.32,-65.03
-153.81,93.96,-123.9
-273.28,31.86,-209.2
-212.70,-80.38,-233.
247.73,23.86,76.99
4.82,34.41,93.94
32.52,133.24,107.44
-93.84,149.02,169.94
109.91,97.20,229.33
143.85,4.70,164.56
66.95,-107.61,61.39
171.13,-86.13,35.17
250.51,-51.62,-60.60
-122.85,-34.00,-97.1
-110.61,-127.29,-124
-130.29,-61.94,-126.
-69.79,64.91,-7.65
106.10,139.61,46.01
70.91,157.56,94.64
179.71,72.86,98.58
101.55,-41.15,98.06
249.75,-35.59,179.62
203.59,-86.03,173.53
190.61,-13.37,170.11
178.74,97.49,130.81
149.97,103.09,68.39
89.55,107.40,27.14
21.04,115.39,16.88
64.58,95.00,-12.96
116.78,74.68,-164.71
31.42,67.81,-301.35
-407.51,31.09,-274.8
9.52,-75.17,-54.59
136.08,22.40,-29.47
39.93,-1.40,-199.16
-8.49,47.99,-80.06
-210.64,149.21,-108.
-42.65,64.09,33.98
199.61,6.55,42.37
-61.76,4.22,-103.79
-225.64,112.61,-77.7
-636.63,-110.70,113.
-549.69,-378.29,227.
-154.51,-338.50,-58.
-247.13,-207.42,-175
-64.83,-170.64,-271.
136.52,-98.50,59.28
147.66,29.96,40.31
131.32,112.65,-0.64
331.95,386.29,17.49
86.61,299.33,-94.01
418.86,258.96,-47.48
85.80,235.53,-160.01
-105.40,145.64,-182.
-315.17,-79.44,-57.9
-375.40,-346.16,24.3
-31.18,-112.41,67.82
-71.50,-23.86,19.35
-212.31,-23.43,10.57
-79.71,-171.90,-203.
-49.58,-103.73,-115.
-6.94,-163.43,-171.8
-34.10,-144.06,-161.
41.38,17.84,-124.52
54.71,-11.72,27.01
67.47,36.97,48.53
211.17,96.36,71.46
141.05,146.96,-13.48
143.83,117.79,-6.14
222.88,110.43,30.72
86.16,163.28,-12.18
18.40,84.42,-60.13
-58.15,34.31,-103.71
-79.07,-36.43,-105.4
-159.18,-75.77,-142.
-17.68,-66.19,-108.9
-19.31,13.13,-199.45
47.13,-10.74,-218.92
-81.21,-69.71,-254.8
-4.53,-52.26,-152.47
53.39,78.96,32.27
31.71,101.80,77.89
246.08,-14.57,99.92
455.58,-45.23,71.32
322.96,195.55,-14.80
135.36,105.85,-89.68
173.57,103.46,-191.5
235.88,132.70,-115.5
28.37,-32.12,-87.27
-98.85,-157.49,-63.4
-142.74,-177.67,54.9
-170.64,-62.68,-21.1
-101.26,-178.33,-96.
-45.07,-120.94,-90.7
-150.61,-79.95,-86.2
-92.71,-120.48,-94.9
-109.93,-106.64,-129
16.55,-128.97,-100.8
-42.45,-125.51,-168.
172.50,-13.35,-70.64
25.06,23.66,-77.56
-58.50,-49.85,-80.10
-13.29,6.97,6.99
-69.75,38.16,-19.97
-12.43,74.88,-23.88
-13.72,43.66,107.17
-192.90,-89.02,381.0
-223.04,-235.82,213.
-341.92,-181.36,4.60
-8.04,-24.15,104.39
-79.91,134.54,-63.14
-201.98,42.94,-108.7
-161.94,-39.32,-163.
-171.28,-147.11,-138
-53.23,-58.91,75.40
6.82,-60.83,3.87
111.11,-14.11,130.52
105.46,23.06,92.77
117.06,-105.17,114.9
-118.80,19.41,-53.35
-112.51,72.76,-124.0
-90.24,114.63,-173.0
-65.18,145.13,-135.1
636.61,307.36,132.60
-400.42,0.64,4.16
237.75,-25.70,17.17
141.54,-145.29,60.99
-56.69,-98.58,5.89
111.83,-3.05,-57.08
-11.54,-25.70,-19.49
-28.33,-41.21,27.51
95.76,-56.11,-37.05
25.98,-55.00,-87.89
-102.87,11.23,-45.46
138.16,54.40,-45.21
-40.57,62.97,-21.45
115.44,-44.49,27.45
53.23,-38.24,28.48
-38.27,2.97,6.57
-82.10,-6.04,16.98
-54.44,35.11,31.92
-23.04,41.67,59.28
19.04,23.49,52.32
-31.28,11.37,41.40
-75.97,2.12,30.93
113.21,14.38,-11.23
-25.41,1.61,-2.82
-103.65,32.58,-3.19
12.96,30.85,-37.98
-35.42,44.14,-45.64
-125.68,29.86,-65.71
-52.20,32.41,-16.94
11.11,23.12,34.60
42.76,18.03,24.56
33.75,-8.88,29.82
2.06,-8.22,-27.14
25.02,7.46,-71.69
-73.05,21.70,-54.87
-22.03,17.10,-40.72
92.85,24.52,-19.00
-110.18,-42.20,30.41
86.83,1.50,23.61
38.24,5.50,33.90
-4.84,45.58,18.90
-72.49,9.25,2.47
-39.13,-12.82,-21.95
-29.41,-1.30,-8.61
-7.42,25.08,-4.62
7.32,14.55,-30.17
5.34,0.91,-67.18
-65.47,-15.54,-66.19
-42.28,-19.56,-64.19
1.96,34.72,-29.34
16.75,10.24,-46.96
-30.29,-8.35,-7.95
-39.36,-17.16,-18.13
45.83,25.57,41.29
11.73,13.66,14.40
45.89,31.44,1.17
-12.41,16.44,-9.42
-24.01,-5.75,-15.00
-8.57,-27.14,-16.98
10.24,16.11,9.09
24.38,17.76,19.20
37.19,14.11,16.01
20.57,-0.39,5.30
13.13,19.97,11.99
37.01,-2.62,15.46
8.57,-43.99,-5.48
40.22,15.08,-12.43
7.25,3.87,-27.36
77.60,48.67,11.87
61.32,5.52,16.11
25.51,-15.23,22.89
18.65,-21.99,30.62
4.62,-15.10,11.42
11.77,18.57,-23.18
-6.14,17.19,-14.07
-18.71,-16.01,-18.55
-49.74,-23.92,-11.75
23.12,2.08,-14.14
55.47,24.38,21.45
-94.09,43.69,6.53
-52.46,36.02,103.13
129.74,-1.22,93.49
165.32,-10.49,-3.77
189.74,2.43,-25.32
187.74,10.18,-15.58
132.99,-0.02,-38.18
129.92,-10.41,-60.52
13.31,1.44,-31.86
16.26,20.22,9.50
20.92,22.36,3.57
16.24,2.72,-3.40
-42.08,-22.15,-5.42
-80.26,-41.64,-22.85
-96.85,-28.99,-16.24
-101.36,0.02,-24.32
-45.79,11.52,-19.51
-27.16,14.28,-16.82
-40.29,3.40,-6.86
-42.45,-6.20,-5.63
-48.65,-5.27,-2.86
-12.24,9.05,-16.14
17.06,10.41,-17.99
2.55,3.81,-10.82
1.87,3.44,-7.29
16.88,1.09,-1.83
12.16,3.54,6.00
2.39,6.63,10.84
-25.39,10.30,11.04
-37.75,14.77,-3.65
-28.35,9.73,-21.74
-26.64,0.52,-10.86
-16.90,-2.93,-6.49
41.29,-0.16,-17.68
50.20,-11.64,12.22
-20.57,-8.53,24.17
-25.86,5.27,7.40
-54.48,7.21,-24.29
-36.12,10.67,-26.89
-9.38,5.65,-16.65
5.01,-1.15,-10.67
17.66,-6.24,0.89
29.20,0.78,9.44
30.31,5.77,12.20
5.40,5.63,-1.55
-12.51,9.07,-11.64
-19.43,8.59,-13.17
-15.39,7.07,-10.88
-5.17,2.70,-4.25
-4.41,-0.54,3.40
-14.07,-4.80,-0.47
-16.98,-1.24,-4.33
-21.90,3.03,-8.08
-15.08,2.70,-10.03
-5.60,3.09,-5.44
1.28,2.47,-0.82
8.51,3.40,0.43
6.00,0.78,-4.39
2.97,1.71,-6.84
-4.06,2.49,-9.09
4.93,5.60,-2.76
9.21,8.55,-0.68
7.91,5.65,-2.18
2.93,5.50,-3.26
-0.58,3.56,-5.73
0.37,4.24,-6.72
-3.83,1.85,-3.30
0.64,1.55,1.85
-2.84,3.59,-0.97
-5.38,4.53,-3.44
-2.60,4.16,-2.41
-4.64,3.15,-2.64
-1.63,3.03,-2.89
0.74,3.28,-2.55
2.49,3.21,-2.60
-8.92,3.11,-2.39
-7.01,6.31,-6.14
-7.09,5.89,-9.36
-6.08,4.35,-8.80
-2.18,4.25,-5.79
0.82,4.41,-5.98
-1.59,3.15,-7.17
4.78,2.97,-3.94
3.07,3.03,-0.37
1.52,3.57,-1.94
0.66,4.74,-4.80
2.18,3.32,-3.59
-0.70,2.76,-1.01
-1.01,4.24,2.68
-4.20,4.45,2.39
-9.17,4.60,-5.89
-5.96,2.68,-5.54
-0.80,2.49,-1.90
2.55,4.27,-4.64
3.56,4.22,-5.36
-0.25,3.61,-6.63
5.69,4.90,-8.18
15.04,6.82,-8.08
-6.63,1.90,-1.48
8.67,3.67,-1.11
-2.41,4.53,-3.07
-2.51,3.75,-4.31
-3.21,3.05,-3.19
-2.20,2.76,-1.03
-9.71,1.90,-1.36
-0.85,4.84,-5.83
13.89,6.26,-7.56
-7.15,-3.34,6.55
6.74,-2.37,22.17
51.45,23.51,29.34
53.74,37.77,131.34
32.17,49.27,111.19
100.33,57.06,114.28
-27.12,2.45,83.08
88.71,-82.38,59.37
-50.53,-40.59,7.11
-58.50,-15.89,-69.53
79.46,29.80,29.94
94.15,40.39,-17.39
70.41,30.13,-14.55
38.31,7.67,23.97
-51.49,-31.82,-26.85
-195.61,-27.39,-68.2
-32.66,-12.63,-69.28
18.15,-0.62,-58.03
38.80,-4.55,-14.77
12.96,-9.54,-20.05
11.13,-3.75,-21.86
11.66,7.71,-16.57
-5.50,3.11,-39.15
22.60,12.12,-27.94
52.96,16.57,-4.27
69.96,23.18,9.31
34.60,13.35,3.77
31.82,-18.71,37.61
-47.44,-81.04,156.46
214.33,-223.43,276.1
-60.31,-170.56,178.0
56.56,-161.61,63.06
44.32,-54.05,22.42
-10.96,-12.10,17.89
-12.40,4.97,-2.64
-1.15,16.07,-39.09
75.46,14.90,5.07
-29.24,26.79,6.35
-1.22,-0.78,-65.34
-21.29,17.41,-158.07
57.02,115.85,-245.46
32.35,151.72,-269.98
49.60,152.16,-82.96
96.38,106.45,-58.29
-174.86,40.28,-109.3
-542.62,-5.30,-132.2
-8.65,-20.59,-391.52
15.00,-221.52,-86.36
-167.49,-64.44,155.7
-9.60,75.32,72.41
216.82,143.32,-49.27
2.97,-9.27,-0.91
-78.14,-97.78,94.52
-21.24,-65.96,44.67
26.56,-4.59,20.71
34.12,-2.04,34.82
-13.48,-17.50,-21.64
-43.05,-22.09,-73.30
-46.55,-27.55,-54.90
93.55,14.86,-21.18
86.36,12.69,-44.49
21.06,39.01,-51.14
81.52,77.48,3.91
117.79,111.95,134.11
203.67,240.50,17.64
40.16,178.04,41.50
2.74,124.75,51.78
26.19,74.33,18.85
-18.59,71.54,28.64
8.06,82.07,35.69
12.05,50.67,33.38
-29.12,34.00,21.53
11.89,-10.45,-11.62
-2.66,-13.39,-19.41
14.22,-21.80,-8.51
18.20,-22.38,25.32
25.47,-33.07,3.83
49.10,-46.03,-15.91
7.17,-0.76,-1.52
-1.05,-20.92,-22.56
3.46,-20.17,11.46
14.45,-11.15,-21.22
22.65,-12.03,-27.16
3.77,-9.36,-32.43
-39.15,-58.50,-42.35
-53.51,-68.39,-37.54
-74.59,-96.85,-6.53
-69.15,-106.64,-19.8
-55.20,-78.53,-38.60
5.38,-21.58,-42.22
-158.22,-19.20,-103.
-112.88,16.82,-153.4
208.52,16.20,-8.78
-516.56,-330.30,-331
-154.51,41.01,22.38
-126.30,-13.43,25.66
39.40,-31.80,48.61
-49.97,5.50,93.26
-103.36,31.59,88.15
-39.25,19.62,142.72
-17.89,-14.45,60.56
25.16,15.41,78.45
50.63,-53.33,63.84
49.68,-44.06,23.16
43.48,-28.97,10.26
69.51,-28.83,-18.52
79.64,-35.36,-57.39
6.78,-39.63,8.35
84.77,81.77,85.62
-7.36,83.00,102.60
147.93,55.39,85.54
212.55,20.81,30.25
73.01,-67.40,-27.04
-116.75,-71.81,-41.1
-6.47,28.09,-19.51
59.08,9.44,-54.79
5.15,2.58,-42.08
5.38,1.42,-0.43
24.64,5.81,-4.57
20.71,3.91,-8.65
11.75,-2.99,-3.94
5.44,-1.75,-10.47
14.88,5.46,-8.80
9.69,3.03,-3.98
-7.34,4.99,-2.08
0.08,0.74,-5.85
-2.04,-0.45,-5.58
-0.64,2.84,-2.74
4.39,3.56,-4.64
-0.70,2.56,-3.77
2.47,4.10,-4.02
-7.73,0.41,-3.81
-1.98,0.49,-2.84
-5.32,2.78,0.82
0.12,2.25,-2.02
1.75,2.31,-3.05
6.10,6.00,-1.11
7.13,5.01,0.35
6.92,4.29,-1.44
6.64,3.92,-3.11
4.68,2.91,-3.83
0.43,3.46,-3.67
-6.78,2.76,-4.43
1.01,4.76,-4.02
10.20,4.99,-3.40
16.57,0.68,-3.79
33.65,-3.38,-13.60
64.44,-8.33,-15.48
73.26,-22.93,-17.37
90.30,-29.34,-28.48
115.44,-40.84,-17.12
28.95,-34.47,-8.70
13.11,-11.62,-4.20
-9.71,19.14,-5.07
216.12,50.38,45.21
209.44,7.42,30.29
-154.67,-62.58,-15.9
-122.20,-80.38,-17.6
36.54,37.79,-7.65
-92.40,22.28,-49.62
70.25,7.83,-15.83
4.41,-28.81,17.56
-32.97,-44.63,8.61
-35.88,-30.27,6.20
-16.44,0.68,-5.40
4.55,22.54,-10.43
5.36,7.15,-15.78
-3.28,-6.99,-0.60
2.93,-11.50,5.65
7.27,5.11,6.45
-8.41,10.82,4.95
-4.93,13.11,-6.29
15.10,13.54,-1.22
5.65,6.00,-1.11
10.06,-1.83,4.51
-6.76,-8.10,3.24
-10.55,0.62,1.63
-3.11,6.92,-6.18
-11.87,4.78,-5.17
0.91,6.24,0.10
-7.25,4.64,-1.22
-6.14,4.35,-2.51
-2.45,1.30,-5.34
5.40,-6.43,-3.71
6.76,-10.28,-0.08
2.68,6.94,2.06
-7.11,15.74,-2.08
-26.75,11.72,-8.04
-37.44,36.95,10.43
-62.85,38.92,11.31
-57.97,38.20,5.83
-14.34,36.88,18.15
29.82,34.56,-20.26
-234.79,-51.00,-18.1
15.41,24.19,-16.86
0.27,31.10,-14.92
17.33,24.79,-4.88
15.41,10.80,0.16
0.14,-5.95,-1.42
-10.98,-1.81,-5.13
-3.23,8.78,-3.57
0.29,9.05,-2.06
-0.51,4.33,-0.62
-5.05,3.56,-0.10
-12.03,4.00,-0.66
-3.59,4.31,-3.79
-2.97,3.48,-5.95
-15.41,7.15,-2.60
-12.96,10.47,-2.12
-12.53,4.16,-4.84
-4.64,3.69,-4.08
-3.30,1.09,-1.94
17.60,-0.35,-9.13
30.41,4.02,-4.60
-0.02,-0.16,-5.03
-10.76,3.03,0.58
-57.61,17.80,-1.57
-52.69,29.22,-2.70
-47.77,22.17,-3.96
-68.02,11.23,3.92
-72.27,11.11,-4.33
-85.10,17.87,3.01
-97.94,23.14,1.30
-65.24,29.41,-10.51
-63.69,23.06,-41.58
-43.54,6.97,-27.49
-1.65,-8.14,-2.78
86.42,17.84,13.37
85.97,21.82,11.77
10.63,10.47,9.71
44.80,-5.85,-19.41
111.60,-12.57,-41.23
27.32,-26.77,-12.49
-29.94,-20.38,-22.73
23.90,-1.59,1.38
-11.02,-1.34,4.25
-8.61,0.27,-0.54
-31.30,-0.74,-3.87
-24.60,0.27,-1.07
-28.31,-0.47,-3.30
-20.36,-8.14,-3.42
-103.57,-9.71,-3.26
-86.96,-9.09,18.92
19.29,29.49,18.20
35.59,41.46,10.61
2.16,-9.03,121.33
-27.59,57.70,57.88
-157.91,24.42,-27.30
-130.40,59.20,-47.70
-65.67,53.18,-88.67
-15.72,36.82,-11.31
-42.35,-5.09,-15.91
187.60,42.65,-8.90
6.12,28.89,62.02
23.68,18.01,39.30
-38.47,2.91,-5.98
-11.62,23.53,10.65
6.51,10.41,-5.07
-9.83,22.73,-3.92
-23.49,13.08,17.10
12.80,11.95,19.49
-17.43,10.30,-23.78
-28.11,4.86,-14.42
-17.25,-9.46,2.89
-21.62,-1.46,-28.13
71.61,65.47,-87.76
-552.04,-97.61,-124.
131.26,-98.62,-11.15
123.47,-69.22,9.36
156.20,1.98,24.34
128.73,27.36,16.01
23.20,-6.70,15.33
-8.20,4.06,7.56
107.17,28.09,28.85
86.53,12.90,15.81
13.68,-14.11,-3.56
-57.08,3.50,6.90
-18.24,-28.09,1.13
-22.07,-5.50,40.66
-81.06,55.62,15.62
-486.20,92.79,60.69
-408.89,107.57,27.43
102.33,43.91,2.10
117.31,50.14,-27.74
-15.37,153.27,12.14
105.67,154.86,83.02
224.38,178.08,105.13
249.31,89.22,80.20
278.78,45.73,-24.58
248.43,36.16,-142.33
80.30,57.04,-196.30
233.59,7.73,-158.17
35.65,-16.92,-131.80
-59.43,-3.87,-94.40
41.73,8.22,23.16
59.47,-49.99,20.65
-34.02,-30.99,55.49
-27.18,-49.58,-21.99
-20.65,-50.82,-71.15
68.45,-26.21,-76.37
-62.97,21.08,-40.59
-26.71,-6.14,-1.75
-30.76,-3.50,19.14
-34.54,8.30,40.70
12.80,14.03,33.48
32.72,0.43,-2.12
66.08,54.50,19.08
-46.10,36.82,-0.78
68.97,9.03,-3.17
60.85,-3.83,28.99
-78.72,-294.46,565.0
3.09,-320.59,-12.76
-249.40,-137.38,-157
-2.55,-3.87,-35.98
60.13,15.00,-4.02
31.18,24.27,-56.54
-5.69,55.62,74.14
145.73,57.27,106.31
23.41,71.79,88.32
86.63,107.44,105.36
29.96,69.05,38.02
-32.00,46.88,77.67
-45.60,51.62,116.80
-16.63,11.44,82.22
-22.83,-8.49,14.45
-73.50,-48.12,-39.98
-38.20,-13.77,25.02
-7.29,-2.80,17.64
-17.99,23.80,-0.89
61.37,101.96,-125.16
-88.92,-24.21,-98.70
-128.79,-6.08,-113.0
1.34,-33.38,-55.70
-66.83,-21.00,13.83
31.03,-12.38,38.95
13.15,-2.60,11.64
77.05,-2.41,69.26
29.57,53.18,98.91
85.48,87.91,91.55
38.08,80.16,65.80
52.86,59.98,46.61
44.14,-4.93,-11.91
68.89,-61.30,-54.73
62.44,-59.35,-51.58
108.00,-48.43,-38.60
106.55,-40.41,-19.35
160.48,-58.30,-10.59
111.73,-66.68,-24.27
128.89,-99.01,-34.62
36.58,-38.53,-28.38
61.98,-24.21,-40.78
18.52,-42.16,9.01
-35.38,-69.13,4.43
-32.54,-31.47,19.54
-10.37,-7.52,13.31
-12.84,13.48,-29.03
3.59,7.13,-15.62
7.07,5.63,8.14
2.95,26.15,3.24
-15.54,43.58,-37.79
3.05,46.65,-11.44
31.67,15.46,49.23
27.01,27.45,108.99
-36.27,149.56,124.38
-33.65,120.98,127.00
-1.71,70.97,84.18
38.04,24.44,45.09
-5.85,-20.34,-11.62
-30.77,-19.29,-51.25
29.84,22.75,-48.32
79.13,35.46,-3.48
54.01,39.56,-2.80
75.11,11.27,20.87
-28.35,-26.95,10.30
-102.97,-41.21,22.07
-205.24,1.46,-7.93
36.64,73.71,-61.41
90.40,75.46,-55.43
99.18,-55.04,148.26
270.52,-94.69,163.08
182.37,-22.42,10.82
189.35,-47.21,79.50
115.87,-55.70,-54.94
128.99,-5.46,-24.17
-165.41,44.30,-59.66
-48.65,9.29,-50.65
-95.51,-13.62,24.67
-85.14,17.97,51.85
39.60,40.64,70.72
-205.24,59.14,33.32
-71.77,41.73,35.11
11.35,26.46,29.96
-11.91,-17.72,-0.51
-35.38,-63.47,-34.58
-136.99,-89.49,-58.3
-359.62,-39.52,-110.
-47.52,21.95,-22.25
26.01,37.05,22.38
58.65,53.21,32.97
-56.87,44.65,25.51
-90.73,68.14,-25.45
147.17,57.82,-5.25
206.25,13.35,25.22
185.56,-10.04,85.33
195.39,-46.71,147.42
331.76,-84.69,174.82
-64.39,-8.26,-46.03
-221.58,7.79,-139.30
-252.96,35.30,-193.8
-307.80,85.52,-111.5
-138.54,88.57,-26.21
-112.61,-17.12,-57.2
-64.54,-66.10,-82.28
21.14,-55.80,-3.87
-22.01,-70.72,-10.14
-11.85,22.44,-70.08
112.80,-3.07,44.02
76.14,-31.77,90.13
4.57,-21.90,102.60
-181.89,32.60,27.10
-33.63,31.47,-56.09
-30.41,-16.14,-153.9
-129.20,21.45,-13.19
89.45,5.48,1.24
167.94,-5.79,39.21
289.06,-23.14,56.61
332.98,-41.81,135.79
256.82,-39.94,142.97
193.23,-21.57,54.52
156.67,24.67,12.88
83.15,14.14,-41.25
-71.24,-4.29,-94.64
-133.59,11.79,-160.8
-79.33,10.41,-160.50
-81.09,37.57,-44.36
127.84,90.19,6.68
94.89,83.74,-24.73
1.59,18.92,15.33
-86.90,-57.06,-67.53
-242.52,-59.92,-208.
-114.86,-44.80,-234.
-236.81,50.34,-214.2
264.46,142.97,-252.4
49.19,25.59,-114.16
30.42,-3.94,40.41
-197.98,-54.96,-14.2
-113.68,10.92,-32.74
101.42,-38.97,-109.0
-4.00,81.81,-10.67
458.57,169.55,44.90
-40.10,49.17,136.66
75.50,-107.28,262.54
-456.66,-122.53,86.0
-123.64,56.67,-46.26
-636.63,261.41,-131.
-307.05,179.27,-15.4
-53.62,88.20,-67.51
-76.20,-5.54,-251.73
28.95,-18.94,-142.02
145.50,-35.36,-123.8
143.52,-57.14,-82.51
83.93,-71.75,-78.28
143.83,-95.61,10.14
173.51,-35.36,-7.62
86.71,-42.84,-135.53
212.66,-16.18,87.18
-57.86,32.56,-135.77
73.79,-0.52,-51.82
155.58,102.89,174.14
-122.87,-51.50,146.3
-73.69,-118.36,87.58
-19.29,-49.81,20.21
21.80,-80.72,92.81
176.70,-59.47,69.59
212.16,-36.45,81.13
149.64,103.51,-93.99
-123.60,92.62,-207.0
71.96,-61.30,-53.62
-2.45,-54.63,-15.97
101.57,37.77,-11.39
33.38,-35.83,-56.85
87.49,55.88,6.16
25.51,100.44,-41.42
-126.77,154.55,-177.
11.85,80.14,11.64
64.04,-141.07,135.67
-111.87,-44.67,-95.7
254.78,152.18,9.44
154.48,-72.91,11.79
102.91,-10.43,-31.12
-58.34,-37.89,62.19
-1.24,-32.41,20.22
5.52,17.39,22.77
-29.67,-7.77,-10.45
-28.35,10.74,50.44
73.54,-67.67,155.19
148.49,-60.21,185.72
164.21,-1.28,-52.36
-107.69,3.36,-272.70
39.56,227.84,-3.96
-48.22,82.28,11.13
64.48,3.13,61.90
-26.27,166.04,48.20
-36.56,-5.95,-42.65
100.56,2.16,-2.31
70.06,6.14,25.16
47.46,23.24,-1.34
24.50,11.56,-29.45
-15.39,69.42,36.86
-51.83,91.49,-61.08
130.77,156.94,-118.2
16.14,194.52,-219.74
59.37,-71.44,-58.58
82.78,-166.66,147.09
10.12,-202.87,221.31
-231.82,-74.68,-25.9
100.06,29.28,40.51
-19.18,-100.87,-13.5
-43.42,291.58,-76.68
-260.13,42.24,129.76
-202.85,-70.80,-144.
-83.23,-54.71,-174.6
-237.20,5.19,144.08
10.49,2.31,-26.19
-110.82,-40.82,-73.7
136.89,225.51,-199.1
-253.73,80.67,137.05
27.49,34.27,62.44
3.36,43.93,-80.86
485.94,241.32,-333.4
229.08,-52.17,152.47
130.54,57.82,99.10
-72.27,-6.45,-81.29
-137.65,61.43,-169.3
573.18,-309.53,201.3
80.84,34.29,34.14
-64.50,-11.68,-91.22
131.84,239.32,-256.0
222.11,-165.80,134.2
140.12,-10.14,94.75
-45.54,64.13,-275.22
205.24,-224.92,180.5
-139.32,-38.66,170.4
-16.86,21.14,-57.80
138.70,442.29,-101.8
-6.78,-127.86,247.40
-365.20,-130.29,-313
433.56,394.30,146.12
329.74,449.07,-69.61
-301.20,-294.44,-215
218.67,-37.03,-79.99
-636.63,-249.69,145.
-238.46,155.64,-172.
431.62,-121.19,125.2
48.45,234.73,-189.21
-14.11,-104.51,-289.
-556.04,-276.82,186.
-350.93,-64.99,-52.1
449.50,188.69,232.36
-186.36,-5.85,-225.9
344.56,126.56,207.96
-191.86,100.43,-155.
493.27,-79.60,111.36
-157.18,314.97,-326.
352.72,-310.31,-35.1
-55.06,348.91,-236.7
541.47,-365.04,64.31
3.44,172.25,-237.94
-301.86,113.35,-262.
491.07,-109.96,221.5
-102.91,134.54,-206.
227.74,-168.13,198.0
-96.48,23.14,-105.63
-174.51,-33.81,-110.
-75.44,-66.74,151.68
74.74,-39.36,140.33
-133.14,96.29,-117.8
163.33,-36.37,81.58
-35.22,54.11,-183.03
-297.00,-32.13,88.40
35.98,35.52,158.44
3.67,86.73,-225.23
-202.27,-71.21,126.5
-29.80,54.28,-24.95
-14.01,0.93,-62.31
76.26,67.51,34.04
30.33,36.99,-143.30
44.22,-61.35,194.81
175.03,-7.34,111.65
-27.96,40.47,-47.74
-60.29,33.48,-5.61
77.85,-52.98,7.13
90.28,-55.37,22.65
-34.84,-28.91,-107.9
-3.28,-24.19,-90.19
14.45,21.25,-92.54
8.55,19.06,-66.76
98.52,14.24,-15.13
23.97,86.50,-19.29
47.41,55.35,-9.56
-7.23,2.23,-8.53
74.64,1.26,-3.54
-31.63,-0.33,37.13
134.43,9.15,-0.31
-47.31,39.25,11.27
-73.46,24.52,-13.39
103.69,-5.73,-10.39
5.03,-4.43,-1.24
0.23,34.16,9.05
-47.31,22.85,-2.58
5.73,24.25,-28.46
2.78,19.60,-40.31
35.48,40.08,-30.77
50.47,20.90,-20.22
-18.09,38.45,30.99
-55.70,-0.97,10.24
33.01,-44.06,27.47
24.81,-14.71,28.73
-18.90,-13.74,-10.01
26.19,1.22,-47.46
2.35,6.61,-14.47
-80.06,15.68,49.70
-16.01,12.71,50.26
-19.86,-10.61,7.42
36.20,-13.41,-2.45
9.11,-24.67,-54.61
37.54,-26.34,-45.48
-16.05,22.87,4.22
-37.38,7.09,16.46
3.87,15.81,0.82
-39.85,23.04,-3.83
-21.20,17.02,-23.70
52.24,-21.10,-26.21
17.85,-24.36,18.15
64.97,13.81,52.44
-56.85,7.36,25.61
1.36,12.14,-67.34
-141.42,22.73,-84.84
30.66,-12.65,-49.02
-18.98,3.24,-12.84
-33.01,12.63,-15.66
-48.67,11.97,-31.53
-31.51,1.44,-16.38
-48.14,22.60,136.56
21.93,15.37,58.93
-12.82,75.62,-136.56
17.08,74.39,-94.97
-84.32,-5.50,33.48
295.25,-26.54,121.39
12.73,-62.56,99.73
-76.99,-85.00,140.53
39.85,17.76,-18.15
10.24,90.67,-191.06
-14.63,87.58,-135.49
-71.44,-79.56,2.60
481.94,-22.54,126.30
8.96,-21.43,128.64
58.25,60.60,-3.19
4.78,96.07,-135.57
16.67,-9.09,-56.13
109.46,-43.23,-44.28
-32.74,43.46,-200.50
-194.58,-420.86,54.0
111.15,18.05,74.41
25.04,89.66,-11.19
-74.04,70.99,-108.45
27.08,-95.86,-27.30
188.34,101.11,-96.79
-37.89,-285.87,144.2
11.95,92.13,-31.44
103.34,180.02,-131.0
-29.05,-27.12,-36.97
-100.54,-61.74,-59.6
636.61,148.14,138.02
119.54,164.93,84.12
11.21,150.69,-108.33
36.10,41.98,-147.93
200.70,-83.85,-72.37
-636.63,-542.91,580.
-346.37,308.00,201.6
-66.17,136.13,-64.39
54.73,159.27,-156.53
158.44,-195.86,2.97
-276.49,-145.67,-112
-494.61,106.47,153.6
98.21,178.43,59.20
101.20,126.13,-83.27
-86.44,-136.58,-132.
-155.37,-12.01,-128.
437.49,-80.18,218.74
101.86,95.80,176.08
56.19,8.16,-138.76
-82.98,-192.05,-186.
21.25,-10.28,-14.53
372.35,-114.26,210.3
163.96,170.41,69.48
-4.78,204.74,-104.35
-64.52,-30.06,-178.2
-21.14,-185.15,-127.
-27.92,76.02,5.03
-209.03,291.85,477.7
27.98,187.00,106.22
-16.09,-266.60,-42.3
-18.22,-265.84,-32.7
-636.63,-636.63,319.
-444.77,177.32,324.5
296.13,98.89,174.41
167.63,265.06,-38.78
138.85,105.09,-265.4
-16.16,-143.05,-212.
-636.63,-65.61,390.6
-24.21,236.29,227.45
157.29,229.33,41.95
84.42,101.98,-195.24
-220.65,-334.50,-216
-182.86,-128.13,-186
636.61,-132.99,204.7
199.78,182.63,136.06
128.21,240.00,-83.23
-109.23,-117.35,-211
-37.71,-143.89,-296.
-553.59,-364.83,288.
-152.18,48.01,245.91
93.35,199.20,97.59
33.16,178.80,-286.18
47.48,-53.93,-285.66
-267.28,23.45,64.66
19.82,217.70,311.24
199.43,151.41,53.51
65.28,127.39,-180.41
-147.54,-56.42,-181.
100.13,-131.34,-181.
-265.82,-607.89,192.
-317.87,71.92,161.20
-11.50,190.71,49.46
100.48,122.59,-89.41
35.81,5.69,-280.57
431.85,231.72,-9.52
53.04,15.58,276.76
234.95,146.18,110.06
27.04,90.48,-87.72
-37.28,-108.74,-175.
-260.81,-128.36,-155
636.61,439.08,284.82
316.35,17.43,256.75
34.93,101.47,105.63
-4.16,42.94,-126.87
-195.62,-115.52,-340
-455.09,-419.83,57.2
503.43,-97.47,310.56
-76.59,-82.40,195.70
121.47,126.46,15.95
-35.18,-1.79,-242.06
38.43,-119.48,-325.0
401.99,191.47,235.92
17.93,101.16,336.64
93.26,107.94,53.99
-54.36,38.35,-248.84
71.22,-14.24,-333.57
-21.06,-636.63,244.8
-259.84,33.03,307.65
-21.49,157.66,41.05
-20.40,66.48,-219.33
-20.96,-68.47,-235.7
-36.12,-489.87,274.9
145.73,-60.67,312.78
144.29,98.58,245.07
56.11,145.21,-13.83
-29.98,51.99,-217.68
-98.95,-51.15,-335.5
444.83,17.84,21.74
-253.21,-260.77,352.
89.60,78.35,144.84
-16.73,-19.31,-251.0
-69.05,-158.57,-282.
-636.63,-579.80,112.
-167.28,173.67,199.3
-47.83,149.73,5.65
-102.29,-20.13,-231.
-34.23,62.17,-208.89
636.61,275.71,238.21
436.91,43.36,200.42
-101.20,108.02,2.08
27.88,-45.91,-163.59
213.15,68.31,-51.80
636.61,609.76,87.06
582.29,66.64,161.00
-216.72,123.35,-20.7
-71.44,-60.36,-130.9
-39.65,29.73,-245.85
-636.63,-636.63,-35.
-180.24,2.68,179.07
-69.32,36.58,22.21
14.59,-4.10,-99.28
-74.24,-30.29,-229.1
-636.63,-636.63,13.5
-297.12,151.29,185.5
-40.51,118.69,55.57
67.47,-15.91,-30.68
-62.44,-142.70,-164.
-588.31,-636.63,211.
-238.76,62.70,197.16
126.11,118.22,14.14
5.48,4.88,-103.81
-168.42,-52.44,-92.2
202.37,189.10,-134.6
-454.41,-358.22,203.
77.64,-32.76,79.89
70.64,5.27,-98.09
-105.20,-74.45,-94.0
-44.14,228.38,7.15
112.41,-7.83,195.74
102.41,151.33,49.31
55.60,54.11,-62.11
-77.38,-198.56,-62.9
313.98,-101.92,-244.
-82.51,-207.57,40.47
303.24,102.04,99.30
29.03,79.79,54.52
37.44,-44.04,-37.73
24.52,-263.14,-159.9
-109.15,64.07,-106.7
-54.50,-254.82,72.10
122.67,98.23,111.07
-69.01,118.22,5.93
105.15,-10.20,-198.9
-133.55,-86.79,-171.
-636.63,-54.75,84.71
-346.31,42.96,65.86
103.26,119.62,46.61
54.44,146.24,-4.53
0.72,9.01,-76.99
-146.20,-572.36,209.
54.92,4.18,195.31
-87.84,-31.80,78.22
36.27,-38.14,25.59
10.20,-59.66,52.11
-30.50,-9.33,71.46
-92.03,-11.33,16.44
186.57,45.54,4.84
-27.92,-47.97,-21.04
-30.93,19.74,-3.44
88.05,-21.76,0.21
-6.86,-1.38,-89.95
-49.17,18.32,-93.10
77.23,27.63,-77.75
-35.36,28.37,-58.40
13.21,-1.55,-2.91
9.25,12.41,22.50
-0.43,16.73,-4.60
40.57,4.47,-74.45
-22.30,44.49,-57.06
-23.12,59.10,-4.39
22.07,57.61,-7.52
85.00,61.76,-35.09
92.30,71.40,-10.76
110.57,43.89,-7.95
154.94,47.06,30.48
188.46,44.16,88.38
82.24,31.40,29.73
145.36,18.63,33.03
140.02,5.81,23.66
82.57,-9.62,5.95
64.62,-16.28,-25.82
38.93,-12.75,-43.01
-15.95,-22.98,-43.97
-140.12,-41.44,-51.8
18.85,-33.61,-68.60
83.19,-59.24,5.42
35.46,-60.19,16.86
-30.04,-14.98,-24.56
-20.56,15.97,30.64
45.72,18.03,69.01
55.43,59.57,11.66
110.10,23.29,123.64
107.67,51.02,34.31
113.79,-22.36,71.42
110.70,-11.46,51.82
31.28,5.34,17.50
-8.49,-1.98,-37.09
29.59,-6.06,4.88
-5.58,-8.80,10.22
-72.06,3.67,-0.56
-113.17,-2.58,-19.02
-87.99,-5.69,-49.70
-148.20,-10.41,-36.0
43.56,23.24,-5.65
161.82,21.99,15.23
219.33,9.07,53.12
215.69,0.23,137.90
-153.00,1.17,43.25
-346.41,21.92,-27.28
-415.05,-27.16,-126.
-128.29,122.22,-111.
-59.16,179.44,-235.6
4.99,153.52,-9.77
56.01,85.74,5.46
-92.91,-64.19,131.71
-209.17,-22.65,-377.
-461.72,139.67,34.25
17.31,64.21,-1.79
44.61,35.55,-86.71
-25.30,-68.87,-41.73
-0.02,-0.02,0.02
0.00,0.00,-0.00
54.22,-72.29,120.61
-61.43,-75.81,-42.10
132.48,46.98,-98.00
-74.82,2.64,-6.72
25.24,-0.02,-76.64
64.23,-6.80,-74.18
41.79,25.55,-13.85
153.60,14.59,68.04
-227.56,5.56,-17.16
48.92,-243.50,-23.10
-68.62,102.58,-127.1
319.62,-636.63,-310.
10.47,32.60,-52.34
-26.17,100.43,2.47
-74.61,147.15,3.94
-29.73,109.40,-19.35
47.25,0.78,81.31
-30.97,-105.38,183.0
-27.88,-163.18,170.8
-45.35,-158.98,119.0
-81.23,-133.90,37.28
-0.02,-0.02,0.02
636.61,293.12,-137.4
451.85,91.33,-118.55
-636.63,411.92,151.4
-308.15,67.82,104.68
97.39,4.93,123.06
-14.96,-37.13,116.67
7.50,-70.02,88.54
-29.57,8.80,-136.17
20.36,26.36,-140.80
102.21,34.49,-16.77
-32.56,53.37,20.05
20.56,7.09,4.08
79.33,-33.09,-23.41
26.23,-29.96,-98.42
-2.88,-42.18,-67.57
30.83,34.72,-59.82
-174.12,86.73,16.82
-48.92,64.44,18.96
-4.10,10.34,18.71
-87.29,-1.03,32.31
-4.90,2.41,35.73
-9.00,20.61,5.61
30.33,-5.23,46.65
62.00,25.39,21.82
115.19,63.16,-28.48
-0.16,41.36,-55.74
-22.54,14.22,-37.96
24.69,-29.63,-24.52
70.29,-15.23,-3.38
37.96,10.36,-12.90
-15.87,30.77,-50.03
-64.58,24.50,-95.14
83.04,-66.76,0.17
288.84,-78.94,118.75
7.25,-151.15,94.15
208.72,-159.14,-3.54
52.71,-19.53,11.42
121.06,12.30,12.40
46.43,-2.80,-15.10
242.54,-21.02,-27.06
60.79,-29.32,-54.19
39.71,-52.32,-109.61
9.52,-11.35,-20.81
-142.95,65.05,61.28
41.01,89.68,-46.84
-11.64,16.20,-95.30
-58.98,39.30,-19.76
-39.09,1.87,-0.99
-27.28,-30.46,5.11
212.53,-47.56,-12.88
30.06,21.92,-2.27
56.94,-49.27,92.60
-57.80,41.17,13.17
-20.07,67.20,-2.97
20.34,22.75,50.98
-48.30,-61.35,-22.38
91.72,-133.69,-83.87
197.84,62.66,-35.59
196.13,146.20,39.05
-30.35,-63.06,35.15
33.61,-51.37,31.69
-100.11,-18.36,-48.8
-9.19,4.08,-21.24
-134.02,45.77,32.70
220.98,-37.52,-16.13
74.88,-0.97,31.55
-8.45,39.71,52.03
-35.50,44.45,42.65
-57.10,23.04,2.89
-58.36,9.58,-11.25
-10.12,1.03,-28.07
-18.03,-8.20,-13.02
123.21,32.12,10.45
26.81,70.87,60.60
-90.83,-69.09,-34.93
116.53,30.87,-98.11
-66.41,46.59,-23.12
111.87,-66.78,-20.40
56.36,-31.92,45.50
36.08,17.93,-14.01
51.93,-7.87,-64.74
-16.42,38.43,-25.76
-84.24,-12.01,42.33
-11.07,-74.24,8.16
48.57,26.66,48.45
103.24,39.52,-25.20
-135.14,29.96,-61.02
32.70,-55.18,-118.32
10.76,-46.65,-16.11
-9.15,-14.92,137.84
-164.97,2.76,-1.03
95.00,45.48,-85.12
-93.78,-14.86,-78.84
-152.65,-9.31,-31.90
72.02,19.10,20.85
51.56,-52.69,-31.32
-15.02,-40.72,26.13
84.53,-2.10,89.35
-8.08,12.59,-127.06
-172.04,-87.47,-102.
20.01,39.30,-21.90
-49.58,45.62,22.28
-15.23,-1.30,-2.62
-44.72,12.49,22.01
43.62,28.91,-39.65
-29.18,-82.65,13.29
-19.62,8.22,-28.42
-61.04,-7.65,-61.28
56.50,3.91,-53.00
2.56,-9.85,-12.47
41.03,-45.58,-13.27
-37.83,8.63,13.60
-1.30,-26.66,-30.97
-3.79,-14.34,49.83
-36.18,-3.94,6.16
46.80,10.16,0.51
-24.44,19.20,6.16
-64.97,-11.40,-7.15
-37.15,2.62,-10.71
-46.67,-7.62,11.56
86.20,12.16,6.41
32.83,21.66,31.09
66.31,39.25,42.94
-46.53,27.37,19.33
-51.97,29.49,18.03
-54.87,17.25,2.80
-27.67,19.35,-26.81
-30.54,3.34,-44.86
-3.57,36.82,-18.28
0.62,68.83,-30.29
-119.50,27.70,6.63
17.19,3.63,-6.29
5.77,2.70,6.39
46.86,4.02,-18.88
-48.18,9.62,-8.84
8.86,-1.26,-15.02
-22.15,2.51,-0.82
-16.03,-13.44,15.85
43.23,-29.61,-21.95
47.46,-7.79,-37.94
39.58,-2.31,-48.09
42.33,4.90,-49.17
34.00,-1.22,-36.99
29.73,-6.88,30.41
34.58,-0.82,59.99
57.88,-3.38,34.56
18.01,0.12,-4.04
8.80,-3.19,-25.98
4.66,4.37,-24.23
8.06,13.72,-20.65
-3.96,14.38,-14.22
-8.33,1.15,-6.94
-12.67,0.29,-9.19
0.29,24.71,-19.31
49.29,18.92,15.37
30.64,11.02,25.14
30.58,5.28,-15.39
-51.62,-11.44,-14.44
-51.82,-2.16,21.51
26.89,16.82,21.82
-13.62,18.36,16.88
15.81,9.00,1.36
-59.00,16.20,11.81
53.16,6.10,-16.14
-21.51,4.88,-23.22
-6.45,-10.98,-26.64
11.81,2.06,33.92
38.51,14.36,-1.05
78.80,28.33,10.06
62.33,-1.73,18.79
-8.90,15.21,2.84
8.65,12.61,-33.38
-59.43,8.49,24.64
5.96,5.67,47.11
20.05,41.67,-47.58
-44.22,42.80,-54.77
-80.03,-17.56,13.62
87.52,-7.44,6.20
30.09,-2.78,-15.62
24.75,-6.88,-5.38
19.21,18.50,3.46
95.67,35.01,27.63
110.96,-14.34,2.93
0.93,-27.39,-7.31
52.28,21.97,-9.79
-8.57,15.52,1.36
26.31,13.81,-12.41
-76.08,0.41,2.41
-52.81,-9.97,-11.58
-113.83,3.42,-13.46
-21.86,-11.54,20.79
85.25,-14.28,-17.93
-46.73,40.16,-16.16
-23.88,2.00,20.17
29.43,-22.71,-15.27
-51.70,-6.22,-25.90
-43.23,7.56,0.64
43.97,-26.60,-29.51
-1.92,-26.77,-25.18
-2.56,20.54,-27.30
12.80,3.54,-17.39
26.27,12.67,4.47
-50.77,8.08,24.44
-9.60,-20.77,37.63
-1.15,-10.22,2.41
-80.47,37.83,20.17
-97.82,21.88,29.01
76.14,-25.10,22.09
71.87,-9.50,48.24
4.95,-19.64,29.43
33.11,1.46,-11.79
39.09,-2.27,-27.28
114.51,-11.56,-21.24
-18.42,4.62,18.53
-13.68,-7.32,-13.62
-26.42,-3.75,-8.68
-31.18,-5.98,7.62
83.31,-42.20,-39.91
-72.88,-19.78,-34.84
-24.97,-22.56,-59.49
37.92,-15.43,-44.65
-85.06,-84.96,74.04
44.26,2.99,67.84
0.25,42.28,-37.54
-26.54,44.96,-28.91
-36.20,39.36,-21.02
25.18,47.95,-11.95
24.17,-15.23,42.43
10.72,13.74,71.54
56.59,67.96,76.00
-30.56,110.68,36.86
17.72,175.46,-115.73
23.57,56.56,-102.52
-35.26,-57.72,114.61
-192.44,-82.10,117.2
-111.09,-15.21,-18.4
-17.99,67.11,-158.48
-133.65,42.08,-193.4
-155.21,26.07,-9.87
35.20,-24.01,42.53
-5.95,-3.54,25.55
33.61,-0.99,109.21
130.87,17.56,89.80
243.42,86.42,-36.60
-146.61,67.69,-6.41
25.68,-4.10,-10.72
-18.07,-30.50,-38.51
110.86,-50.86,-66.95
-22.93,-24.32,15.66
-7.46,-6.74,-19.18
-23.14,-12.43,-30.39
-63.24,-2.16,-17.58
-60.87,70.58,-24.09
197.76,62.29,28.60
-192.30,-28.60,71.59
-71.92,-27.10,-43.93
-2.89,19.76,12.55
-30.33,102.25,113.93
-153.27,118.07,45.04
-85.70,35.38,-93.04
-459.40,62.75,-67.55
-145.60,122.67,-81.5
-131.65,67.18,-23.74
160.54,-172.19,21.27
17.19,59.57,19.56
-149.58,-1.61,20.22
-11.97,-64.06,8.82
74.29,-56.75,-10.98
-34.87,-29.24,-14.79
34.25,-22.91,-40.51
67.13,-69.51,38.88
86.79,-89.31,21.29
396.67,-33.22,-28.38
-145.50,-76.70,-51.4
48.65,-137.24,-87.99
-41.23,52.94,1.09
10.94,77.29,56.69
155.31,35.61,15.35
-70.82,64.75,7.83
-23.18,24.40,2.64
22.23,11.04,-52.53
29.51,11.37,-39.63
-10.86,20.32,-15.21
-40.88,-40.62,-45.48
-79.87,-155.16,-18.4
21.00,-85.56,-27.55
-45.19,-55.18,-45.60
122.67,-58.58,-54.98
-52.79,78.12,6.63
74.72,11.15,-25.18
459.42,30.72,-149.44
-307.94,39.48,3.32
192.87,-54.11,82.16
-87.87,-73.50,34.82
40.94,-63.74,24.85
4.70,-28.42,-48.18
-255.41,14.44,-31.59
276.21,66.97,-42.49
-15.41,21.31,56.67
-0.21,37.26,55.64
115.62,0.51,13.74
14.09,-76.43,2.31
-182.45,3.44,-21.06
-84.80,-22.25,18.05
-95.98,-43.66,-8.49
39.87,-14.34,-10.18
81.52,-22.61,9.99
-10.63,54.15,20.17
24.64,-34.74,4.93
-33.42,112.35,-6.02
100.68,-5.71,-31.65
-35.34,104.99,-19.53
-123.31,39.87,18.01
99.86,-76.99,35.26
44.49,-72.78,64.25
103.05,-67.01,-19.80
81.95,59.74,-69.13
-223.58,27.61,5.52
-195.95,-35.73,-20.8
-35.40,-10.28,-8.30
15.93,10.55,-10.96
-58.77,21.99,-19.29
-61.01,-57.68,37.05
124.71,-94.99,-37.42
-149.66,63.73,78.00
89.35,24.34,33.40
7.93,16.94,-35.42
-53.02,13.25,15.91
0.54,-7.89,-54.30
52.85,20.94,-73.71
-77.05,59.30,12.08
7.17,-80.14,69.20
40.02,7.64,70.27
-46.12,-4.22,-7.75
-75.36,10.12,-45.89
38.70,-20.71,-62.93
106.12,3.71,-47.35
-6.10,51.14,33.73
-118.14,25.47,40.76
56.26,-15.58,22.46
28.44,-44.94,-58.38
-77.31,-53.93,-71.24
-145.19,34.21,-15.12
16.16,17.93,60.40
-17.60,13.33,26.50
115.19,6.96,-6.90
40.37,43.71,6.33
3.36,-0.54,-32.85
-19.72,-18.63,-28.27
-36.18,6.06,-17.99
42.41,7.69,50.94
21.10,39.32,34.02
-89.70,16.82,21.18
119.19,10.03,-55.25
38.18,-5.81,-8.59
-24.64,60.58,30.81
13.27,47.13,14.90
-17.93,7.85,-2.78
-52.53,-11.39,-15.78
119.17,55.51,-53.41
15.23,23.26,-69.59
-189.52,34.14,78.84
-66.17,-78.63,130.87
96.87,-106.58,3.77
-145.30,-69.98,-16.0
-127.68,52.20,-44.02
-5.23,64.89,-52.48
6.00,23.28,-9.03
-62.13,-12.26,7.38
19.56,-44.37,8.06
55.39,-18.03,17.58
12.18,43.21,-10.32
49.21,35.36,-48.57
-114.06,26.75,-37.54
70.89,7.50,-9.25
-101.63,-22.65,3.13
42.04,-33.71,25.66
-44.94,107.15,18.03
-51.25,-5.34,26.00
98.46,-52.92,-33.96
-79.91,23.49,-38.22
-31.47,39.23,-22.54
54.40,-6.70,-15.46
-55.16,9.83,0.45
-21.14,-63.74,4.14
60.40,-3.83,5.89
69.42,-24.65,-21.37
-85.87,24.67,2.53
18.81,7.54,-47.70
14.24,12.57,-12.53
6.68,-27.88,-4.60
38.47,-7.50,7.01
16.88,-8.18,3.92
-80.90,-8.92,-19.23
13.81,-27.18,-16.65
-53.62,14.32,-7.13
26.34,10.08,-31.38
-10.43,25.14,19.35
23.70,-1.05,20.38
3.73,38.86,-19.20
-48.42,43.48,-12.88
33.48,-4.72,-23.02
24.27,-14.88,0.66
-23.86,-2.70,-17.99
4.59,2.18,-12.84
-57.94,-4.43,27.55
-84.69,18.59,-0.76
12.63,1.73,9.54
-5.73,-32.10,13.02
100.56,-28.33,-7.05
-37.67,-24.48,12.05
25.08,-19.86,-27.36
-52.92,13.11,1.83
-25.41,-12.10,-19.86
108.18,22.30,-44.12
37.50,-4.92,-7.93
25.68,18.53,6.06
-53.21,20.21,2.70
51.70,-56.93,9.07
81.29,-34.52,-10.57
-124.44,53.23,6.99
-59.99,26.40,21.10
-53.76,50.86,16.92
-51.06,-15.43,23.57
33.49,-59.24,-37.05
14.26,-12.63,-20.98
-1.52,35.67,49.43
49.48,-15.87,11.00
-1.19,-20.24,-40.92
-4.25,-8.28,-61.49
5.98,8.57,-18.01
-1.50,8.67,0.58
-5.95,7.58,-6.94
38.27,6.16,-21.53
18.53,10.45,-2.56
1.57,0.66,1.92
11.81,-9.44,1.36
7.23,-17.17,-20.38
-2.76,0.64,-27.96
-8.35,21.51,-3.54
12.69,36.88,3.03
-63.53,98.52,13.81
-84.24,73.67,-2.66
5.28,9.69,16.34
54.55,-46.26,-7.19
-84.82,-40.43,70.78
29.59,-53.43,31.86
112.00,-9.44,-33.92
-222.42,22.98,-1.40
-58.73,12.51,10.69
43.58,-26.05,7.62
-3.92,-42.18,-5.65
39.87,-6.43,-12.45
50.67,14.30,-9.46
29.92,19.74,-10.72
29.12,16.88,4.31
24.52,2.18,-5.19
-2.41,0.37,-9.64
0.47,-9.13,-8.06
27.86,-13.79,-11.72
18.01,8.59,-17.97
34.95,21.84,-20.30
-89.53,36.02,33.11
62.58,-15.31,16.44
100.99,28.54,-15.68
-76.10,-15.89,15.23
30.27,-46.59,-13.31
32.76,32.72,-66.78
-7.64,-2.25,-31.49
-64.70,-5.27,-4.82
-15.80,-54.77,71.01
50.92,-51.91,10.01
67.65,-20.48,-27.24
-27.32,86.98,-77.21
-136.52,57.45,16.69
161.84,49.54,-24.89
103.03,45.27,-20.05
68.82,45.70,-36.89
-51.91,-4.29,-1.07
163.26,-6.00,37.21
18.92,-16.26,-26.29
-25.02,34.08,-20.98
-4.76,43.25,22.65
-67.05,35.07,1.69
-22.81,4.18,-5.60
-20.05,-1.03,-4.74
109.61,-8.78,-38.68
-93.98,-3.69,-21.22
-127.90,-11.75,23.06
-55.57,-7.21,-3.24
-54.69,10.08,-15.58
84.18,23.74,-21.02
154.14,-5.91,66.08
-28.46,16.20,16.13
-99.14,-21.95,-4.95
-126.34,-53.76,-88.4
-120.63,1.85,-50.20
0.64,14.44,2.76
-23.70,-5.75,14.73
-62.44,20.96,-9.42
-26.05,2.25,-29.45
-8.16,-10.04,-52.85
-9.64,-40.74,52.73
-11.21,-13.25,40.97
-74.55,13.19,5.65
-45.09,-13.76,-29.03
-7.44,7.60,-64.89
25.72,43.01,-33.07
-75.38,-6.20,28.56
83.39,-25.70,63.20
54.75,6.31,3.65
-13.76,-10.63,-0.52
53.04,-12.92,-17.62
16.94,4.45,-9.40
-27.32,-12.14,-28.87
30.83,52.63,-34.39
0.70,31.42,30.31
73.67,-9.64,-7.23
-119.68,-3.21,-1.24
13.37,-32.12,-23.45
-8.30,-2.27,3.61
37.34,27.53,-17.17
-115.23,60.36,-20.50
-14.34,102.00,-27.34
69.05,35.69,-77.64
-158.81,34.85,39.52
-126.44,-73.79,75.89
137.63,-148.55,-26.4
-265.45,-40.96,21.20
20.19,6.99,-7.50
45.68,-11.09,-2.86
45.50,-14.84,-50.16
-128.79,-61.70,-36.1
11.39,-5.03,6.78
-24.81,3.36,-10.34
-14.65,-62.54,45.35
82.18,1.32,43.23
-176.78,11.56,-21.99
-15.60,70.18,-67.69
9.25,-1.65,-56.07
-39.36,-29.30,18.07
45.87,25.49,44.14
43.60,37.15,36.43
-26.00,21.82,-12.65
-4.88,8.76,-22.65
-55.20,17.45,-22.25
-103.11,7.54,-36.29
61.69,-0.62,-33.98
66.25,-21.02,-5.34
17.68,13.44,65.57
-28.77,-18.92,41.64
49.17,-18.18,-17.54
-0.02,9.91,-42.30
-99.53,-2.33,-50.86
28.25,2.51,-28.27
88.05,25.35,19.29
-59.68,3.50,62.19
-15.43,-17.66,50.34
71.98,-42.96,-34.62
-43.50,-18.85,-108.1
-154.40,41.79,-0.39
-23.31,-12.20,32.50
103.57,-5.46,-9.71
-73.65,19.43,13.54
-54.73,-4.04,-38.20
37.92,-9.23,2.72
81.42,-8.72,5.75
-144.35,-53.25,36.21
-16.63,-41.50,-43.46
56.42,7.09,-71.63
-190.96,38.60,-17.91
125.14,67.22,-29.55
33.92,139.50,-12.41
89.68,155.31,-20.13
-83.95,0.68,32.41
16.77,-89.04,65.67
-85.39,-87.62,2.47
-18.92,-67.90,-41.83
21.64,8.55,-46.76
-20.69,131.47,9.40
-58.05,244.18,66.39
31.18,161.53,-22.36
-230.28,69.57,-39.67
-263.16,153.66,-130.
-120.20,73.79,-54.57
18.73,4.33,-54.05
230.54,-37.11,-15.25
64.66,-24.58,19.93
18.71,-49.48,-8.41
-19.47,-4.06,-60.89
179.34,31.86,16.69
-44.86,-19.33,-20.52
82.63,0.49,36.54
4.08,-30.60,173.40
65.90,-94.81,214.06
46.94,-127.22,210.84
46.49,-151.44,144.62
-15.95,-120.71,-137.
-127.31,-25.96,-79.9
-220.42,-53.04,-71.1
62.73,-18.40,-59.86
-35.03,-6.12,-40.72
75.15,9.50,-1.87
-65.20,52.86,56.63
-49.11,62.27,40.92
150.24,34.50,40.74
5.75,36.76,67.14
73.69,4.49,39.89
-52.44,26.00,-72.78
-67.36,85.76,-207.90
-79.11,99.03,-257.47
27.04,-2.91,-199.57
30.58,-67.59,153.15
-149.29,-137.44,114.
-152.05,-223.50,-36.
179.75,78.90,-31.78
30.64,-1.03,-29.86
-284.37,-105.07,-49.
323.19,44.63,-33.77
-166.48,-29.22,-8.92
68.17,-75.58,32.80
109.32,-2.64,-10.32
31.88,54.32,45.15
82.16,33.01,6.16
40.29,8.90,-14.55
171.32,56.83,23.64
-111.71,-114.49,9.03
113.81,-67.03,-5.23
117.87,59.20,-0.97
-3.61,15.78,-16.90
-25.78,23.72,-67.46
66.15,32.37,-52.36
32.37,31.47,-10.18
40.76,-15.52,60.07
25.98,-59.94,45.77
198.79,-22.17,-40.66
26.77,55.95,-26.42
123.53,43.05,-25.66
146.04,65.26,-60.60
-145.71,-9.71,6.92
47.58,-69.40,33.07
29.05,-5.56,-16.65
-121.91,52.28,-0.08
146.43,-69.32,-14.84
-85.25,-64.81,102.78
60.60,7.71,21.27
-8.63,60.95,-27.80
13.89,71.13,-63.12
-20.19,2.18,-19.80
-70.37,71.46,57.68
55.64,-44.57,39.91
-4.92,-46.14,17.93
-85.58,-19.95,67.65
155.76,5.54,-67.69
-21.99,51.14,-28.33
-61.88,39.07,-21.43
-51.50,-19.23,0.21
37.17,-12.12,43.21
89.12,-28.85,13.52
27.01,-4.66,-29.86
-59.08,18.83,-33.32
-3.75,20.83,-74.74
25.04,23.26,34.89
57.39,50.01,35.40
-130.87,5.38,-9.81
-14.86,-35.73,81.23
217.25,-33.13,8.72
85.66,1.77,-39.79
-37.17,69.81,-89.58
97.39,18.71,-14.98
-105.28,28.23,41.79
-39.75,-67.20,40.64
63.01,-87.78,30.91
55.00,-47.97,-14.24
-27.72,-12.69,-8.00
-3.17,49.39,-56.87
-87.18,80.14,-66.08
-151.87,33.13,-57.10
-4.22,-29.82,-21.78
46.84,-33.57,49.85
92.52,-21.90,14.73
-44.69,16.11,-54.01
-83.68,40.33,-29.57
-17.25,44.82,-17.95
46.16,34.33,2.43
91.26,4.57,4.62
17.02,-19.23,45.91
112.78,-43.93,-14.12
-81.97,7.65,-54.38
18.32,51.33,-115.93
7.69,95.47,-44.16
21.31,-27.76,25.47
19.78,-9.87,39.46
16.05,-9.42,75.48
26.40,-3.83,44.76
35.96,7.81,22.85
1.01,24.52,2.76
-72.91,13.09,-14.92
33.81,-18.48,-13.81
81.00,-13.48,-10.24
112.20,16.32,-10.39
59.59,36.68,26.36
24.36,32.45,26.31
48.14,-20.63,-24.58
-66.52,-22.73,29.71
-96.71,20.30,14.86
36.70,31.69,-25.26
-249.65,23.99,16.32
82.98,-49.25,-10.01
119.37,-89.76,-15.43
136.50,-133.80,-28.2
97.26,8.37,-4.95
-91.92,115.64,-29.47
-32.56,19.72,-69.83
23.96,11.15,-26.75
-44.53,-59.04,80.84
-7.83,21.62,-24.29
9.33,105.96,-139.65
-28.00,-66.56,201.86
-88.22,79.29,-131.32
-4.00,-88.79,111.69
61.98,120.24,-146.76
154.46,-74.14,84.42
87.58,104.02,-163.45
133.61,-70.00,182.47
-80.16,11.29,-130.71
33.46,-64.48,122.28
-130.29,77.40,-161.3
78.63,-11.60,-76.26
69.86,-82.03,122.88
22.17,11.83,50.88
-58.81,22.38,-137.32
35.83,-24.30,109.77
-117.76,46.32,-165.3
64.50,92.79,93.53
113.54,-54.92,-167.3
123.58,-47.27,76.26
-196.05,78.57,-22.89
64.33,65.38,22.71
43.01,63.47,26.54
51.95,38.76,-13.09
9.40,108.10,-42.61
97.28,136.29,-59.59
119.72,60.85,-117.76
-375.45,173.40,-69.5
-302.33,56.32,-118.0
-360.73,56.42,-59.68
18.05,24.83,70.97
113.13,35.18,1.92
12.20,31.18,19.62
150.14,11.50,128.40
94.91,-31.05,182.84
170.87,-71.61,128.17
15.46,-119.48,38.39
288.55,-55.99,-76.08
-17.74,-77.34,-120.1
-178.16,-69.26,-96.9
21.80,39.46,-119.31
16.51,45.23,-80.61
285.44,18.30,-107.05
-494.59,-58.27,32.72
-48.57,44.61,-6.02
-222.09,-41.77,232.0
-175.87,-195.53,182.
266.30,-122.53,50.44
-124.26,-54.21,-24.7
-74.02,39.85,-88.85
38.92,10.69,-15.95
-218.39,-20.57,-0.00
43.75,-23.39,-7.48
16.75,-29.69,-13.23
62.31,-6.55,-33.55
-126.48,-13.09,17.43
85.29,-23.22,-20.67
26.33,2.23,1.40
27.04,24.50,3.36
-167.18,16.05,35.20
22.46,-15.52,-21.37
27.14,1.22,-22.03
-134.27,-2.70,45.93
-166.72,-84.28,58.73
147.33,-49.66,-104.2
40.55,125.31,-50.03
-242.62,37.38,-12.12
33.84,30.25,-41.77
90.98,-0.95,45.09
-6.55,-55.57,11.66
31.16,-68.70,-11.91
-25.68,-43.73,-76.78
-54.15,9.11,-55.55
-28.48,-3.42,-75.34
-30.91,37.59,-57.02
62.40,222.38,-23.90
39.65,25.88,113.00
-78.90,-15.83,48.63
-35.67,-48.71,33.26
-0.62,-41.19,-27.39
-52.48,54.63,-9.95
-22.83,34.21,15.68
86.73,47.07,26.87
69.86,6.51,37.57
77.05,-7.56,42.55
40.68,-42.14,-11.54
34.21,36.95,-107.32
-295.84,35.36,-24.38
-86.92,-7.89,8.47
-18.71,-7.40,18.42
85.12,-17.91,-1.57
-54.52,-1.79,1.75
-57.49,-22.13,-26.52
37.24,-6.43,-24.36
19.18,-11.64,-22.58
81.62,33.49,13.85
-52.90,31.61,19.72
56.71,-18.15,26.66
-112.59,-20.85,-1.13
9.56,-10.90,-41.23
-38.53,8.16,-20.79
113.23,17.78,91.00
-19.04,25.65,44.02
21.04,-0.95,-45.58
-104.29,-11.87,-64.3
-102.72,20.40,-33.32
-16.13,-1.09,9.56
-6.47,-14.03,8.33
115.79,-4.55,-12.32
-47.07,7.23,-3.13
-5.19,27.37,7.56
-9.68,3.03,1.32
5.27,11.25,9.58
-52.61,20.52,-2.89
21.12,-8.18,-31.98
81.58,17.19,-22.17
3.48,57.59,8.16
123.62,75.95,-34.35
88.40,2.47,-13.83
-302.64,-35.52,90.73
-136.27,-61.20,74.18
-97.92,-80.32,33.73
13.27,-92.83,-28.89
48.57,25.33,-6.22
-77.05,-1.53,12.88
-13.06,-5.89,1.05
116.65,31.05,15.85
-187.97,62.37,21.06
58.63,7.25,-37.63
54.32,-27.37,-38.76
-41.85,-62.17,-5.21
175.36,-14.42,1.57
3.56,63.57,-15.68
-39.77,8.22,-5.07
17.12,-7.38,-2.47
86.03,-15.00,9.73
36.93,-2.80,0.64
-30.13,-14.77,39.98
-25.22,-13.58,-12.43
58.48,48.88,-23.29
-11.73,26.56,2.08
-17.04,-24.27,11.99
33.34,-20.34,-19.16
4.31,22.52,9.91
2.49,44.30,-4.33
18.34,17.12,-17.95
19.18,-1.75,-31.38
-86.11,18.38,23.51
-10.96,-23.04,-16.61
-20.24,25.82,3.96
-53.47,34.04,25.74
9.35,9.48,-2.37
-50.88,1.75,39.71
114.57,50.07,30.04
-62.71,4.66,14.07
23.92,-48.57,-22.21
5.42,-23.74,0.31
18.61,-4.60,28.99
32.62,61.51,18.77
-157.04,53.53,50.40
-165.98,20.52,14.01
98.37,-51.80,-22.15
120.77,-64.70,-75.29
70.89,-13.35,-6.96
58.65,94.17,58.38
4.82,73.87,33.42
-60.19,1.77,-23.06
52.44,2.76,-17.29
-57.76,-18.18,5.85
-12.82,-22.75,-30.31
-36.27,29.43,-10.36
29.06,25.51,-20.46
49.25,16.59,-5.15
-4.74,-8.12,59.55
113.40,-2.27,23.18
19.72,20.89,4.27
31.36,13.35,-7.05
-29.55,25.28,11.00
-28.70,2.02,16.13
-75.29,-7.32,-9.95
134.23,-10.74,-82.36
132.68,6.86,-57.90
29.05,-4.31,13.46
93.39,-14.88,6.97
269.20,130.31,-50.77
24.54,110.68,-83.68
-27.39,210.70,106.58
-134.27,-34.87,-5.21
-11.33,-64.99,-131.7
48.20,-11.46,-120.83
-85.47,38.88,-16.03
-130.35,125.80,-55.7
58.89,115.09,-89.99
44.16,92.21,22.07
26.31,30.66,53.53
94.71,17.62,31.51
-11.44,32.17,45.58
82.67,41.60,103.44
182.51,18.96,59.63
111.56,14.92,29.43
37.75,-16.16,119.83
342.29,-165.39,124.6
148.70,-82.47,48.49
89.66,-25.82,13.87
25.32,47.46,-49.08
-102.00,121.29,-158.
-168.21,127.35,-177.
-226.67,104.43,-170.
-346.58,105.13,-115.
-197.33,45.54,-17.35
54.52,-25.24,-11.68
144.61,-18.85,54.54
-24.98,-41.64,28.97
-118.51,26.99,51.58
-2.10,13.83,51.76
44.28,24.54,-52.86
-54.30,-12.75,-44.34
-147.29,3.59,-47.11
-48.61,1.01,-51.78
-20.21,38.37,-42.37
-22.61,14.09,-23.33
-117.43,12.73,-38.20
-98.72,6.82,-43.91
11.72,21.25,32.10
25.22,43.23,-30.52
12.61,-43.33,-22.46
44.02,-11.73,67.36
11.13,-2.76,4.37
-128.11,58.62,-112.6
-160.96,-2.62,-39.83
-94.46,39.94,26.21
-71.50,66.33,-68.27
-168.48,121.43,-40.1
266.48,91.00,122.26
275.61,25.43,24.42
-2.23,-33.38,-29.14
14.49,-109.09,56.75
14.42,-78.49,156.18
-237.92,-17.29,18.88
-302.64,-69.20,-148.
147.73,-69.32,67.71
17.10,3.98,13.91
-1.63,13.31,-71.42
18.86,45.13,-60.25
-73.69,10.06,-86.65
-114.98,107.56,-91.5
-299.24,137.77,-22.4
207.07,138.85,5.01
-171.14,-75.56,2.18
-249.38,-26.25,-46.8
-104.62,23.84,-80.06
83.58,-0.60,8.43
171.79,-33.59,49.41
299.76,-82.53,92.54
431.49,-100.79,120.7
147.40,-132.17,162.4
151.48,-96.05,134.64
103.51,-63.80,29.40
-89.43,-130.17,-44.7
18.22,-24.11,-87.18
103.44,31.34,15.21
-42.02,-16.26,-34.97
-34.64,23.39,19.20
67.01,6.66,61.04
60.69,59.92,169.90
106.86,64.64,76.55
151.04,110.78,-6.80
-0.25,-31.44,-244.68
-213.50,6.92,-276.78
-57.95,15.74,-175.26
-9.09,22.34,-1.83
5.05,26.54,47.91
-6.18,33.46,41.67
3.17,19.06,15.31
3.57,15.87,3.46
-1.36,13.46,11.02
8.39,9.66,11.02
6.64,6.35,5.52
5.21,7.67,0.19
-5.71,5.87,-3.59
-12.26,0.35,-11.68
-7.60,2.99,-10.55
