aX,aY,aZ 
-8.21,4.89,-0.55
-8.48,4.98,-0.38
-8.58,5.77,-0.49
-8.30,6.05,-0.42
-7.62,5.86,-0.38
-7.48,5.87,-0.16
-7.15,6.68,-0.59
-7.26,6.85,-0.81
-7.12,6.76,-0.66
-7.11,7.16,-0.96
-6.83,6.95,-0.99
-6.95,6.83,-0.90
-7.09,7.05,-0.84
-7.06,7.07,-0.88
-6.93,6.84,-1.15
-6.97,7.22,-0.96
-7.10,6.89,-0.63
-6.94,6.87,-1.07
-6.95,6.72,-1.08
-6.85,6.82,-1.20
-7.24,7.40,-1.19
-7.10,6.68,-1.27
-6.95,6.23,-1.39
-7.38,6.28,-1.44
-7.72,6.66,-1.40
-7.60,6.06,-1.46
-7.39,7.12,-1.64
-7.12,6.35,-1.37
-7.24,6.46,-1.49
-7.30,6.80,-1.43
-7.25,6.70,-1.45
-7.18,6.89,-1.56
-7.27,6.61,-1.26
-7.03,6.44,-1.45
-7.08,6.78,-1.42
-7.26,6.26,-1.46
-7.27,6.89,-1.41
-7.33,6.41,-1.48
-7.26,6.87,-1.54
-7.13,6.79,-1.64
-7.07,7.00,-1.67
-6.95,7.03,-1.57
-7.24,7.11,-1.18
-8.00,6.57,-0.83
-7.01,7.05,-4.42
-6.89,5.43,-2.56
-8.48,5.83,1.04
-8.42,6.23,-1.94
-7.51,5.09,-2.17
-8.03,5.00,-0.93
-8.67,5.24,-1.29
-8.44,6.85,-1.17
-8.16,5.58,-1.06
-8.32,5.32,-1.19
-7.57,5.61,-1.03
-7.24,5.40,-1.75
-7.47,5.89,-2.83
-7.91,7.01,-5.23
-7.17,6.38,-4.27
-7.75,6.45,-4.19
-6.54,7.39,-4.10
-5.59,7.80,-3.48
-5.03,8.52,-2.98
-4.84,7.13,-0.38
-5.46,7.34,-0.60
-4.28,7.05,-1.78
-7.86,6.50,1.04
-8.65,7.42,0.97
-9.04,2.92,-0.31
-8.91,-4.28,1.60
-10.83,0.42,-2.06
-11.17,0.91,-1.06
-10.66,2.67,-2.11
-9.82,1.08,-2.03
-8.83,0.92,0.17
-9.22,3.11,0.33
-9.93,2.60,0.07
-7.41,0.89,0.91
-9.68,1.13,-1.24
-11.23,1.55,-0.20
-7.95,2.74,-3.02
-9.59,0.91,-1.49
-10.32,1.18,-1.78
-12.43,4.27,0.16
-8.60,8.13,-1.48
-7.50,2.03,0.14
-6.80,-1.43,1.56
-11.45,0.73,2.12
-11.48,1.16,2.29
-9.19,0.33,-2.50
-12.02,5.35,-6.85
-7.83,-1.98,-1.19
-7.40,-0.40,-1.15
-7.86,-0.73,-2.68
-13.03,-5.03,-1.66
-9.35,0.94,0.40
-8.71,-0.18,0.93
-9.30,-3.37,-1.70
-9.22,0.93,-1.93
-10.66,0.64,-2.18
-9.54,4.74,-3.44
-8.63,3.24,-1.57
-7.81,3.72,0.10
-8.26,3.36,0.02
-9.19,4.43,0.00
-8.83,5.93,0.09
-6.45,5.59,1.17
-9.59,3.15,2.21
-8.79,2.39,2.23
-9.36,2.55,3.56
-6.84,3.92,3.20
-5.77,4.23,4.43
-6.67,3.96,4.45
-7.20,2.51,5.46
-7.19,3.43,4.59
-6.99,4.86,3.27
-7.19,4.69,3.85
-6.00,3.72,5.34
-7.01,8.48,4.60
-6.65,5.63,2.52
-7.71,5.99,3.39
-5.83,6.25,2.81
-7.38,1.39,4.33
-6.73,2.33,4.80
-6.78,2.79,5.54
-7.47,-0.17,5.80
-10.55,0.68,2.04
-9.06,0.72,0.34
-9.17,0.68,2.18
-9.66,-2.82,4.33
-9.82,-0.34,3.13
-9.19,2.16,3.97
-9.49,-1.25,3.16
-10.58,-1.05,3.36
-8.21,6.49,-0.53
-8.68,-0.66,4.25
-7.77,0.75,6.29
-5.33,-1.23,5.49
-5.37,-1.92,5.32
-4.63,-3.89,5.20
-4.62,-3.67,5.47
-6.31,-6.34,3.67
-5.78,-3.58,4.30
-8.05,-4.18,3.25
-8.30,-3.24,8.32
-5.77,-2.58,5.92
-1.94,-1.42,8.86
2.43,-0.96,7.06
2.02,5.24,6.81
3.58,2.65,6.35
1.57,-2.12,12.08
2.90,-2.24,4.22
2.14,-4.65,7.89
-0.30,-0.45,9.98
2.17,-1.46,8.84
1.23,-0.57,8.56
2.08,-1.44,7.89
2.57,-1.83,8.55
2.57,-1.95,7.92
-0.70,-1.63,9.32
1.79,-4.67,6.20
3.18,-5.21,7.73
-1.78,7.52,14.34
0.16,-7.74,6.14
-0.29,-6.25,6.45
-0.28,-6.02,7.24
-3.70,-7.67,13.18
-1.19,-7.73,7.69
-0.81,-5.93,4.73
-0.83,-6.41,5.82
-2.40,-6.27,7.47
-13.12,5.88,8.24
-3.40,-5.32,5.68
-2.18,-6.27,5.28
-2.50,-6.44,5.23
-2.09,-6.19,6.56
-5.71,-1.72,10.11
-4.71,-4.53,7.83
-4.65,-6.23,8.28
-3.35,-4.52,6.98
-0.79,-3.70,4.98
1.01,-5.97,6.67
1.05,-5.77,7.65
0.84,-3.31,7.47
1.83,-4.97,7.66
2.06,-4.97,7.83
3.35,-4.45,6.41
3.89,-3.18,6.47
6.84,-2.44,3.76
5.02,3.70,7.02
1.28,-4.57,10.19
1.35,-3.04,6.92
2.25,-4.76,8.04
1.67,-3.48,7.70
2.52,-3.49,9.24
3.35,-1.64,8.22
2.87,0.36,6.08
3.05,3.86,8.52
1.81,4.69,7.79
0.88,5.48,4.55
3.29,5.50,-3.64
4.67,13.70,2.84
0.92,13.43,4.09
-1.19,7.59,3.28
-3.73,11.62,0.96
-3.37,9.06,2.27
11.00,4.43,1.15
-7.59,20.40,2.23
-0.10,8.53,8.74
-0.98,8.53,4.87
0.54,5.93,4.85
-0.19,8.56,6.64
-3.23,4.33,4.05
-4.42,-0.67,0.79
-11.40,-1.51,2.74
-11.40,3.68,-18.47
-7.87,-1.13,7.44
-11.65,5.62,1.84
-11.44,1.31,-1.29
-11.42,4.41,-0.16
-7.26,3.65,-0.65
-6.65,2.78,-0.59
-10.44,3.89,0.36
-10.17,6.07,-2.00
-6.69,6.27,-3.41
-1.36,7.12,1.08
0.28,9.72,-0.11
-0.16,12.72,0.49
-2.37,11.49,-0.26
-0.58,9.37,0.40
-1.98,9.03,-1.63
-2.70,8.55,-2.00
-3.37,10.02,-1.93
-2.98,9.40,-2.70
-3.22,9.64,-2.68
-3.64,9.79,-2.12
-4.65,9.36,-2.74
-5.63,8.95,-2.10
-5.70,7.45,-1.49
-6.46,6.56,-1.02
-6.61,6.56,-1.62
-7.37,5.80,-0.84
-7.48,6.07,-1.54
-7.73,5.55,-1.08
-8.17,5.17,-0.79
-7.78,4.97,-1.37
-7.76,4.46,-1.10
-8.57,4.82,-0.71
-9.08,4.82,-1.51
-8.88,5.70,-0.66
-8.77,6.51,-0.60
-8.52,7.03,-0.41
-7.34,6.32,0.79
-7.02,6.93,1.19
-3.12,2.86,2.72
-2.66,1.72,5.20
-2.85,2.12,8.55
-3.17,5.08,4.55
-5.93,5.53,6.22
-6.65,4.95,4.77
-7.67,5.14,4.07
-7.36,3.79,4.21
-6.34,4.24,4.72
-5.21,1.58,6.92
-6.37,-1.15,7.27
-11.43,0.37,5.91
-8.15,-2.43,3.75
-8.15,-2.51,3.62
-7.68,-4.37,4.16
-7.13,-5.24,3.12
-8.46,-4.55,3.60
-7.04,-7.83,7.81
-4.15,-5.89,4.51
-4.15,-4.72,2.63
-4.39,-5.40,3.48
-6.75,-5.68,2.83
-7.81,-11.29,4.92
-8.49,-6.46,1.67
-1.36,1.73,3.07
-11.30,-2.58,4.67
-18.03,-1.61,1.35
-12.29,-3.26,-0.02
-5.58,-3.47,2.40
-6.51,-0.03,2.82
-14.15,0.06,4.82
-8.70,8.49,-3.34
-8.47,3.75,1.13
-8.24,-6.04,3.11
-7.92,-4.12,3.83
-3.18,-5.70,5.87
-3.79,-6.07,4.30
-2.31,-3.84,2.01
-5.76,-2.91,3.54
-12.94,-4.32,3.93
-9.66,-0.78,3.28
-6.93,-0.44,3.23
-8.61,-3.09,3.41
-12.63,-2.68,4.75
-5.31,-0.55,3.40
-7.33,0.55,2.84
-8.74,-0.80,2.85
-8.47,-3.64,3.66
-8.03,-2.16,2.00
-10.22,2.83,1.37
-9.73,0.22,0.75
-10.56,-0.25,1.86
-8.52,-0.08,1.56
-9.15,0.95,1.96
-9.06,2.66,1.96
-9.87,3.06,8.05
-8.86,-1.83,0.17
-8.41,5.86,3.59
-6.90,2.80,1.33
-8.89,0.33,4.67
-9.75,2.01,3.12
-8.97,0.21,3.03
-9.00,0.29,2.76
-9.28,1.44,2.83
-9.04,0.44,2.65
-8.97,0.49,2.76
-9.17,0.80,2.28
-9.04,0.59,2.47
-9.02,0.84,1.69
-9.13,1.31,1.66
-9.34,2.04,1.70
-9.28,1.63,1.53
-9.35,1.02,1.85
-9.54,1.27,1.21
-9.31,0.60,1.70
-9.65,-0.90,1.48
-9.21,1.20,1.10
-9.42,-0.05,1.55
-9.30,0.21,1.34
-9.39,0.43,1.39
-9.59,-0.14,1.60
-9.45,0.64,1.58
-9.30,0.09,1.21
-9.51,0.38,1.46
-9.17,0.23,1.94
-7.60,-1.85,1.13
-9.68,0.71,0.34
-9.62,-0.46,1.16
-9.27,-0.55,0.94
-9.66,-1.04,-0.11
-9.69,-1.68,1.09
-10.97,-1.50,1.90
-8.93,0.28,1.97
-9.32,0.64,0.93
-9.60,-0.61,2.75
-9.12,-0.02,2.59
-9.21,0.04,2.37
-8.41,1.40,1.81
-9.08,1.43,2.30
-9.19,0.66,1.96
-9.22,0.95,1.56
-9.35,1.16,1.28
-9.73,1.80,1.21
-9.24,2.06,0.98
-9.39,2.23,1.22
-9.26,2.32,0.69
-9.03,2.43,0.62
-9.43,2.93,0.97
-9.20,2.07,0.45
-10.37,3.89,0.79
-9.07,3.65,0.57
-5.73,-1.88,-0.22
-9.89,5.43,0.55
-9.91,4.42,-0.23
-9.10,2.93,0.10
-10.17,4.40,0.01
-9.08,5.14,0.01
-7.82,-0.40,2.08
-13.13,1.34,0.77
-9.12,1.31,2.47
-9.39,1.77,1.15
-9.94,-0.91,2.56
-10.97,0.11,2.66
-9.64,0.86,2.83
-8.58,-1.15,2.77
-6.96,-2.59,2.97
-5.38,-2.06,3.91
-7.65,-1.23,4.70
-8.60,-1.05,4.27
-8.98,-2.19,2.66
-9.87,-1.23,3.84
-9.78,0.73,3.37
-9.22,-1.19,3.20
-8.15,-1.22,2.44
-7.80,-0.79,3.41
-7.56,-1.73,3.65
-8.70,-1.67,4.26
-10.09,0.67,3.95
-10.33,0.40,2.12
-9.62,0.64,1.49
-8.35,-0.33,1.39
-8.39,-3.05,1.10
-8.46,2.72,1.55
-9.14,-1.47,-0.90
-9.29,-0.06,2.01
-9.34,-1.07,0.22
-9.90,-1.67,1.69
-8.91,0.05,1.04
-9.08,-1.58,1.07
-9.88,0.44,3.32
-9.17,-1.00,1.58
-9.39,-1.09,2.36
-9.44,1.01,2.30
-8.95,-0.95,1.39
-9.21,-1.19,2.12
-9.67,-1.29,1.36
-9.72,0.90,2.89
-9.52,0.05,2.62
-9.62,-1.65,3.87
-8.70,-1.41,3.26
-8.43,-2.46,3.30
-8.03,-2.98,4.43
-4.64,-4.01,4.47
-3.49,-4.07,5.38
-4.54,-4.78,6.35
-5.29,-4.09,6.15
-4.82,-2.69,5.67
-5.97,-3.01,6.15
-5.55,-4.08,5.64
-5.08,-2.83,4.85
-8.37,-2.91,4.48
-8.13,-4.04,3.94
-6.70,-3.37,2.73
-8.05,-4.95,4.40
-6.89,-4.74,4.84
-7.62,-4.93,7.33
-6.75,-1.77,6.20
-4.67,-3.22,6.20
-4.02,-3.04,6.50
-3.15,-3.04,6.56
-3.60,-4.12,6.83
-6.02,-0.01,6.19
-6.48,-0.19,4.94
-7.63,-0.90,4.92
-9.35,2.70,5.93
-5.97,-2.18,5.64
-6.62,-7.66,5.09
-9.85,-0.06,6.72
-7.86,1.88,4.71
-6.92,4.40,5.77
-5.31,4.85,5.23
-5.53,1.03,5.81
-6.84,-0.61,8.87
-5.41,0.31,5.05
-6.02,-1.09,9.87
-3.89,0.24,5.68
-4.55,2.55,6.07
-5.72,1.95,5.44
-5.81,2.94,5.56
-7.07,2.59,6.16
-7.70,3.42,7.70
-7.91,1.83,6.44
-9.50,2.27,5.38
-7.16,3.27,5.39
-7.75,2.50,8.02
-3.27,0.80,8.94
-5.52,3.59,5.10
-5.40,3.05,1.79
-6.03,4.36,2.99
-7.15,1.68,3.06
-12.37,8.10,3.48
-8.40,5.99,1.71
-4.59,1.57,0.55
-12.07,2.82,1.40
-9.28,2.59,5.89
-5.60,5.43,1.17
-2.17,0.96,1.44
-8.76,0.87,3.81
-13.05,3.55,4.30
-12.44,6.56,-0.37
-6.59,1.49,0.25
-7.62,2.79,-1.73
-14.03,2.12,4.55
-7.26,6.40,3.74
-5.66,0.55,1.54
-6.94,1.38,1.65
-10.38,4.61,1.07
-11.82,4.74,0.80
-5.88,3.56,-0.72
-7.87,2.65,0.70
-10.17,1.71,2.82
-10.85,0.19,4.84
-7.28,2.78,2.42
-6.98,0.66,3.15
-9.33,4.07,1.38
-9.30,3.57,0.48
-10.21,3.27,0.92
-9.52,3.15,0.34
-9.29,2.97,0.66
-8.73,2.72,1.47
-9.03,2.35,1.52
-7.74,3.35,2.43
-7.78,-1.55,3.59
-10.85,-0.04,2.20
-10.14,1.37,2.81
-7.61,1.01,2.60
-5.76,-4.22,5.53
-6.65,-2.80,6.85
-8.52,-4.82,3.53
-6.24,-6.79,3.18
-7.76,-6.04,0.19
-9.78,-3.25,2.19
-10.82,-4.85,3.19
-7.81,-1.89,2.03
-8.19,-2.60,3.23
-5.95,-4.09,3.12
-7.46,-4.21,3.84
-10.34,-4.30,3.50
-7.70,-2.47,0.39
-9.23,-3.66,0.88
-9.13,-3.50,-0.20
-9.76,-3.76,2.33
-10.07,-2.60,1.03
-8.28,-4.85,2.33
-7.91,-3.20,1.96
-8.28,-3.55,2.07
-7.19,-5.14,2.04
-7.65,-4.93,2.59
-7.75,-4.58,2.03
-9.30,0.27,3.21
-9.63,-3.58,2.30
-10.75,2.87,1.13
-10.10,2.07,0.23
-8.34,3.20,-0.18
-9.67,0.67,1.08
-7.74,2.84,-0.95
-9.29,-1.08,-0.43
-10.49,1.20,-5.10
-10.66,-0.00,-2.25
-7.52,-0.52,-1.92
1.31,4.66,-21.62
-12.34,9.44,-7.34
-10.84,-1.36,-1.40
-6.84,4.87,-3.16
-8.82,-1.12,-1.94
-9.04,-0.19,-1.79
-9.83,0.30,-0.79
-8.62,-0.93,-0.34
-9.72,0.82,0.45
-9.06,-1.24,0.53
-8.93,-2.77,0.25
-9.60,0.27,-2.16
-8.94,-4.44,-2.48
-8.13,-3.63,-1.80
-7.93,-3.35,-1.64
-8.33,-6.48,-0.92
-12.62,-4.24,0.45
-9.17,-0.45,-4.00
-6.60,-3.51,0.83
-8.78,-2.74,-0.32
-8.34,-3.76,-1.44
-15.89,-2.65,1.55
-10.43,-0.09,-3.21
-6.78,-1.76,-5.05
-10.70,-2.21,1.36
-8.98,-0.60,0.09
-17.59,5.70,3.95
-6.79,1.86,-2.06
-5.98,-3.89,3.19
-7.62,-0.92,3.61
-10.81,1.67,1.36
-10.65,3.25,1.58
-9.73,3.74,0.58
-7.98,0.49,-1.05
-6.60,-1.48,1.54
-9.41,0.14,2.57
-13.58,2.70,2.26
-6.73,3.42,1.25
-6.87,1.33,3.34
-7.62,1.99,3.28
-9.26,0.98,3.10
-12.93,0.66,2.34
-9.67,1.56,0.12
-7.66,2.46,0.05
-8.88,0.61,1.25
-10.15,-0.01,2.48
-12.57,4.19,1.76
-9.06,3.65,2.17
-7.54,1.64,2.11
-7.90,2.70,1.73
-8.19,3.17,0.59
-10.46,5.20,-1.55
-8.52,4.79,-1.17
-8.96,4.68,-1.23
-8.45,5.01,-1.16
-9.04,5.28,-1.28
-8.67,4.61,0.28
-8.34,4.24,0.01
-8.18,4.78,-0.02
-8.78,4.94,-0.27
-8.45,5.65,-0.73
-8.57,4.36,0.23
-8.31,5.28,-0.32
-8.79,4.97,-0.29
-8.68,5.15,-0.34
-7.70,5.73,-0.15
-7.68,4.95,0.45
-7.88,4.95,0.48
-8.50,5.76,-0.31
-7.63,5.92,-0.22
-8.49,5.51,0.19
-7.90,5.01,0.44
-7.42,4.59,0.53
-8.49,5.06,0.98
-8.30,5.11,0.39
-8.29,5.69,0.97
-7.68,5.36,0.67
-7.39,5.77,0.96
-7.76,5.94,0.95
-7.73,5.78,1.13
-7.09,6.21,1.42
-6.87,6.38,1.47
-7.03,6.51,1.56
-6.91,6.55,1.53
-6.99,6.57,1.58
-7.04,6.64,1.43
-7.47,6.86,0.80
-6.73,6.44,1.08
-6.55,6.69,0.90
-7.38,4.64,1.29
-9.17,4.21,0.51
-10.06,5.17,-1.10
-9.38,2.69,-0.54
-10.61,1.66,0.66
-9.48,1.90,1.25
-6.74,2.83,1.79
-7.25,3.59,0.55
-6.65,8.05,-0.16
-5.96,8.69,-0.99
-6.37,5.95,0.19
-6.00,8.16,-1.26
-7.50,7.59,-1.85
-6.61,8.32,-2.57
-8.70,6.07,-2.28
-7.35,2.81,-0.84
-9.78,3.16,0.84
-9.36,0.30,0.31
-9.91,0.45,-2.28
-10.15,0.54,-1.19
-10.92,-0.31,0.11
-7.67,-3.89,2.77
-8.29,-3.68,1.18
-7.88,-3.52,5.00
-10.92,0.51,2.58
-9.54,1.85,1.47
-7.44,-1.45,-0.47
-8.99,-0.49,3.83
-6.85,1.03,2.53
-10.34,-1.70,3.51
-9.19,-5.64,-1.93
-6.34,-0.01,-5.92
-7.68,-1.58,1.19
-8.53,-4.94,2.45
-9.19,-6.32,4.57
-7.96,-1.68,3.35
-6.88,-1.43,1.56
-5.69,-5.02,2.94
-6.29,-5.81,3.74
-6.91,-7.52,4.68
-6.36,-7.21,2.11
-4.75,-5.92,1.88
-5.04,-5.86,3.05
-5.43,-6.95,3.29
-7.19,-9.27,5.63
-7.13,-2.72,3.57
-5.85,1.62,1.87
-9.53,-1.83,3.49
-9.50,-0.88,3.12
-11.07,1.47,1.52
-7.17,1.65,-0.77
-7.28,-0.28,0.59
-11.97,-0.40,2.42
-10.35,0.03,3.88
-8.02,1.05,0.63
-7.16,-2.38,2.21
-8.99,-1.78,1.29
-13.64,-1.77,1.36
-9.85,-5.21,3.37
-7.85,-3.34,0.87
-58.11,-27.79,16.49
-78.95,-5.38,24.21
-87.34,-38.29,24.98
-55.22,-17.33,-1.28
-72.61,-40.17,71.85
-36.26,-16.55,30.40
-29.09,-34.02,32.85
-50.57,-31.78,54.67
-53.52,-45.82,56.87
-44.17,-40.28,49.99
-37.48,-34.86,54.49
-22.30,-30.53,49.55
-16.61,-24.59,63.17
-11.42,-18.75,70.54
-0.13,-16.05,52.85
8.56,-56.66,62.42
79.81,156.90,136.85
8.93,-3.96,50.47
0.33,25.78,44.80
-3.39,-34.92,106.11
2.11,-9.63,74.30
22.49,-22.95,37.54
33.88,33.33,78.97
40.13,13.10,54.84
25.97,17.49,73.97
29.32,8.20,31.74
61.64,-12.22,-54.53
54.36,80.68,-17.83
24.33,93.45,1.84
-38.40,70.52,31.53
-43.63,131.57,5.40
-20.90,65.58,10.11
-7.58,74.51,35.49
-27.79,98.76,60.24
-14.40,82.96,29.32
-17.20,43.44,42.25
-33.58,55.14,46.54
-30.84,37.73,39.15
-22.05,42.16,29.25
-27.20,49.61,39.34
-32.24,50.62,49.63
-20.11,63.00,46.03
-7.80,63.80,42.94
-13.06,38.21,50.99
-28.54,52.42,46.52
-36.62,40.97,43.92
-35.61,37.06,43.33
-65.24,69.91,37.66
-53.17,26.82,40.53
-56.03,45.49,34.40
-48.69,20.44,44.48
-52.44,22.28,56.91
-52.46,17.18,64.09
-46.97,6.84,64.20
-40.84,-6.61,72.17
-17.18,-12.37,69.78
-3.91,-20.48,61.43
16.47,-15.57,80.81
36.74,-68.84,33.42
27.29,32.22,-44.00
45.91,28.41,-42.16
37.10,116.59,-97.86
-4.83,113.79,26.05
-65.53,139.06,13.43
-39.88,37.12,47.08
-32.96,68.32,36.76
-19.15,58.80,3.28
-18.45,56.73,28.71
-10.11,70.97,41.56
-11.42,54.17,39.71
0.15,75.31,32.56
3.60,65.30,40.57
4.16,50.76,37.25
-17.39,48.33,41.56
-35.13,52.21,35.38
-43.75,56.94,43.27
-56.10,49.65,43.61
-71.31,27.43,47.14
-60.43,42.83,33.62
-53.67,27.73,35.88
-42.25,18.62,33.00
-50.11,11.55,52.60
-42.50,0.00,63.36
-43.10,-4.87,73.74
-46.45,-30.13,70.52
-17.10,-5.78,51.95
7.39,-33.92,63.55
27.64,-60.07,76.71
34.07,-29.36,53.27
98.55,36.05,-156.91
50.91,-30.70,-103.57
37.10,130.44,-4.12
11.76,132.79,-48.38
-56.31,125.15,54.47
-63.17,97.53,55.07
-46.95,51.41,43.98
-29.54,44.42,15.44
-19.06,61.06,17.47
-22.49,57.29,30.40
-20.32,42.96,47.81
-8.43,50.57,46.68
12.20,51.54,51.81
17.62,46.20,45.15
-2.59,47.06,51.56
-21.93,65.35,48.36
-46.58,65.28,41.79
-51.93,49.65,40.34
-53.09,47.54,52.65
-51.49,26.41,40.74
-53.44,11.40,52.81
-50.82,10.80,56.27
-42.23,9.27,54.72
-34.65,-9.33,64.63
-27.72,-24.00,66.16
-51.77,-28.00,72.27
-30.80,-57.79,62.10
-12.16,-38.14,60.16
-1.65,-31.20,53.06
13.60,-1.97,76.88
26.41,-48.92,86.17
23.31,15.53,45.80
39.53,-36.24,-93.20
86.94,43.08,-68.51
61.87,131.82,-53.55
12.64,73.17,-18.48
-61.58,53.02,25.61
-49.42,70.66,57.54
-41.35,70.72,48.19
-47.41,45.66,34.80
-26.11,58.65,21.34
-29.38,54.90,24.21
-28.60,33.71,53.25
-19.40,46.29,52.25
-5.55,41.70,51.87
-7.97,51.66,54.09
-28.27,45.26,46.28
-44.00,41.16,34.61
-79.83,26.36,40.26
-70.54,24.50,45.91
-71.62,21.68,34.15
-59.53,21.43,27.85
-44.76,6.01,44.80
-46.05,-6.42,62.88
-53.63,-14.77,73.97
-38.63,-19.33,59.55
-23.73,-17.51,52.23
-11.49,-13.98,57.48
-6.49,-2.62,49.74
-3.05,10.06,98.97
13.39,3.16,47.94
5.80,-10.99,64.93
-7.41,-31.05,78.22
-17.74,-23.48,60.93
-8.98,-52.96,62.75
-25.32,-25.26,72.59
-6.70,23.46,98.22
26.68,6.26,43.82
9.12,15.99,69.59
-15.80,-16.28,61.27
-25.17,-35.84,75.75
-10.38,-61.54,73.17
-4.87,-63.23,66.02
-1.32,-56.98,69.43
11.32,-31.32,44.88
21.51,-27.18,61.62
20.71,-70.93,-60.51
48.73,38.69,-76.27
-0.44,111.69,-0.75
-47.39,103.95,25.97
-59.47,87.38,83.76
-37.33,65.01,58.48
-45.45,66.02,41.33
-21.95,49.05,22.68
-15.71,56.66,25.57
-34.69,19.52,63.59
-20.49,37.85,54.68
-12.32,44.23,54.36
-13.24,60.64,47.79
-23.52,49.30,43.65
-38.37,40.32,38.77
-56.56,39.00,23.66
-65.66,22.03,46.81
-73.13,39.44,45.18
-59.42,26.62,26.64
-60.45,17.93,33.06
-57.06,6.47,46.72
-56.56,10.29,53.80
-55.66,6.82,64.41
-53.52,-22.68,65.91
-24.67,-24.80,54.57
-9.75,-45.39,54.45
2.32,-68.03,69.05
-1.46,-55.72,69.05
5.02,27.24,55.20
43.48,41.68,23.23
41.62,-17.54,-39.61
62.15,25.61,-49.78
36.56,87.86,-47.46
-16.07,125.34,-12.05
-82.82,128.91,52.77
-62.84,100.16,33.50
-63.30,69.39,35.24
-53.82,52.73,11.34
-36.39,54.99,2.32
-25.07,62.90,8.50
-17.18,64.30,34.86
-2.93,52.73,39.02
5.55,60.66,45.39
-0.84,64.22,42.54
-5.46,54.47,31.24
-16.82,57.58,22.35
-77.36,41.89,42.43
-95.92,24.73,55.16
-58.94,51.87,37.08
-68.78,40.89,40.80
-63.00,15.25,32.52
-47.23,9.60,41.51
-42.04,-5.19,73.05
-36.74,-13.06,70.97
-41.09,-20.71,75.60
-27.56,-39.80,84.43
6.68,-42.37,51.85
44.48,-24.29,38.14
36.99,-19.77,47.35
57.81,-8.73,58.90
6.32,40.28,51.91
33.50,73.01,57.94
58.13,58.63,18.08
60.05,18.02,-19.58
46.68,21.13,-28.58
50.53,40.47,-6.82
9.90,112.89,-53.55
-15.88,125.48,-50.78
-55.91,75.72,19.81
-53.34,90.54,18.10
-45.18,70.31,23.04
-60.16,52.67,28.69
-32.79,55.07,10.34
-35.99,61.71,18.73
-38.71,57.56,40.87
-19.71,61.89,42.89
-5.88,56.56,34.65
-11.21,53.04,38.67
-27.62,47.29,33.77
-35.09,78.28,15.94
-45.38,64.09,29.32
-67.92,16.28,33.73
-71.18,28.14,56.71
-73.19,19.10,34.76
-77.52,4.10,26.49
-62.56,-19.90,32.54
-60.09,-12.91,50.62
-63.80,-21.26,53.98
-52.21,-15.36,54.42
-49.11,-22.10,61.24
-27.58,-29.44,51.37
-30.38,-28.88,49.86
-15.13,-54.01,47.83
-11.89,-29.32,29.98
-8.98,-33.21,54.97
-2.09,-38.90,74.45
-2.91,-35.86,45.72
1.78,-42.92,44.21
-17.18,-63.02,64.66
-36.99,-13.70,102.03
-8.35,-60.28,59.88
-5.09,-9.12,57.06
-14.90,-0.38,75.96
-16.76,7.22,74.32
-21.80,14.10,74.55
-8.68,15.92,67.84
-26.82,44.03,65.72
30.47,45.45,20.57
6.53,88.82,7.74
-13.71,50.93,68.76
-31.55,59.65,37.14
-28.31,14.10,64.66
-27.41,12.11,56.14
-24.40,17.30,53.00
-34.55,32.64,71.20
-27.64,44.92,43.12
-11.28,98.76,42.06
-6.34,120.31,23.75
12.74,72.86,19.08
-11.55,68.69,33.16
-19.71,59.86,32.08
-21.34,51.03,37.66
-18.52,48.75,39.69
-38.48,60.89,91.34
1.61,30.15,41.43
-11.07,33.14,89.97
10.15,-26.68,62.82
0.73,-10.30,78.86
26.34,0.38,62.33
29.57,46.07,31.76
18.69,9.44,-16.41
60.76,53.46,-19.36
69.72,64.51,41.49
-9.96,54.53,-0.10
-80.18,123.58,3.85
-44.88,62.15,27.33
-50.24,85.43,34.44
-43.36,81.75,21.93
-47.10,47.65,37.94
-28.86,32.94,30.34
-29.90,47.65,22.83
-28.64,51.72,47.79
-21.89,17.64,75.05
-20.76,60.53,32.27
-21.49,55.45,46.60
-29.29,46.28,39.21
-41.97,60.55,33.75
-52.92,42.41,31.26
-52.56,21.74,32.37
-69.89,52.21,23.56
-69.36,27.77,34.59
-63.46,26.37,26.55
-49.80,12.43,29.57
-55.74,0.71,49.00
-70.49,5.69,48.92
-59.66,-2.03,46.26
-58.86,-6.67,38.90
-56.04,-14.37,48.02
-52.85,-12.41,32.94
-51.58,-9.04,41.79
-71.04,3.51,46.58
-65.79,1.99,36.64
-60.95,5.44,38.54
-64.07,-1.95,52.00
-65.03,-1.61,45.26
-33.98,18.06,34.38
-57.37,40.63,46.33
-54.90,47.35,42.94
-70.91,67.40,55.45
-16.13,37.48,27.77
-25.13,50.76,32.31
-27.62,7.45,63.53
-21.11,-7.60,69.07
-20.42,0.90,60.07
-25.67,3.35,59.82
-45.26,10.48,47.75
-62.50,23.58,47.46
-69.03,26.03,42.35
-75.37,42.85,50.70
-56.43,40.89,24.27
-22.52,27.29,37.02
-29.48,11.19,39.94
-35.53,11.68,69.74
-37.18,3.96,69.28
-21.07,-7.09,58.02
-30.40,8.62,55.57
-50.32,2.57,64.80
-59.42,3.41,77.63
-50.64,-2.70,63.78
-29.38,-19.08,82.52
6.76,23.31,50.13
17.24,-32.24,42.08
-37.58,-0.54,55.12
-47.56,-31.49,66.50
-44.59,-23.27,76.63
-41.53,7.11,71.10
-11.19,-11.43,55.58
6.07,-14.00,59.43
-12.28,-24.00,62.77
-22.14,-15.44,68.02
-30.19,-29.17,62.90
-53.21,-26.91,65.66
-43.58,-19.52,44.25
-44.90,-11.47,46.20
-45.57,-14.92,63.27
-34.17,-42.22,53.38
-17.89,-43.80,58.67
-35.30,-10.67,64.89
-30.53,-8.52,54.88
-37.31,-10.02,62.50
-32.54,-15.76,63.59
-32.29,-17.45,61.81
-31.30,-12.49,62.44
-27.89,-12.72,63.15
-33.14,-18.33,61.73
-31.80,-19.58,60.87
-32.26,-23.06,57.48
-35.57,-19.08,61.16
-38.56,-14.35,66.92
-53.59,-4.46,53.99
-69.53,-10.15,46.39
-69.07,-16.93,42.90
-67.84,-21.07,62.90
-31.03,-15.90,64.64
-11.74,-3.87,49.74
-13.92,7.64,82.53
5.73,15.57,52.46
3.51,30.95,53.11
-13.48,21.07,74.85
-11.55,47.14,62.56
-17.93,66.46,72.57
7.58,-2.49,77.55
26.66,6.53,60.32
27.52,31.09,63.94
35.78,-24.77,66.96
38.88,25.28,37.54
59.72,29.96,18.92
36.97,34.57,64.49
10.00,64.55,74.18
21.34,39.63,66.44
66.29,-52.86,-27.73
16.86,31.43,1.97
29.48,50.66,-35.32
19.46,50.85,-71.37
-31.60,114.69,-3.41
-47.60,75.16,-5.17
-51.10,100.67,-45.87
-31.18,43.56,-29.42
-53.31,83.32,15.88
-51.83,64.47,17.60
-44.36,44.05,16.26
-34.09,43.77,15.50
-45.26,56.96,34.55
-39.28,63.50,29.21
-25.34,51.16,26.05
-20.63,72.50,23.25
-29.44,63.88,22.24
-46.93,62.33,17.91
-59.51,48.40,14.61
-65.99,46.35,15.92
-86.10,21.97,19.58
-77.57,24.34,19.23
-69.36,25.09,11.68
-66.22,22.24,20.44
-58.52,16.70,24.61
-67.02,5.86,51.93
-61.39,4.16,44.07
-49.38,-3.95,43.44
-57.27,4.73,45.01
-64.18,0.08,41.93
-62.81,7.62,37.66
-64.38,10.75,30.42
-66.87,13.96,26.51
-65.89,-11.53,30.05
-64.80,-30.88,20.32
-48.65,86.63,22.83
-79.78,-6.49,4.96
-60.37,12.83,13.27
-64.18,31.37,33.58
-79.12,2.64,21.91
-79.45,25.09,16.26
-74.13,19.61,18.58
-67.13,26.41,7.18
-60.70,46.03,2.07
-65.47,48.10,8.54
-44.57,12.30,65.95
-35.07,40.05,39.21
-48.02,41.30,41.35
-43.23,35.57,35.49
-54.93,46.62,20.95
-62.73,45.15,23.37
-61.85,36.99,25.05
-58.90,39.53,22.75
-60.41,38.50,22.74
-59.59,41.56,20.55
-61.01,38.82,21.30
-64.03,36.70,22.72
-62.25,34.88,22.68
-63.48,38.27,21.45
-62.10,38.79,20.65
-61.01,34.52,19.90
-61.98,42.22,19.90
-59.53,38.06,20.07
-59.30,36.56,23.06
-60.70,36.78,19.31
-64.43,35.82,18.39
-63.97,37.08,14.60
-61.66,44.72,8.52
-61.08,43.79,6.30
-66.48,44.38,8.01
-64.55,46.14,4.04
-63.32,45.91,2.72
-64.26,47.06,0.75
-62.04,48.21,0.84
-65.43,46.20,2.78
-62.98,45.78,3.35
-63.99,43.58,2.93
-63.11,43.04,4.19
-63.25,45.95,2.16
-62.98,44.92,2.72
-64.45,46.01,2.57
-62.46,46.31,2.60
-64.66,47.52,0.23
-63.23,44.71,2.26
-66.94,47.23,5.04
-66.48,51.87,6.88
-57.83,56.04,12.64
-49.32,41.05,34.29
-44.36,26.85,38.06
-50.11,25.92,40.09
-53.86,22.98,53.17
-56.64,28.27,31.37
-70.03,31.35,30.68
-56.35,4.25,21.84
-66.08,2.13,34.90
-65.01,-5.31,31.03
-71.85,-19.33,29.09
-74.36,-10.86,45.66
-44.95,-20.92,36.39
-36.18,-32.68,32.52
-26.78,-56.08,22.98
-59.78,-34.17,31.18
-61.39,-53.25,27.43
-66.22,-32.94,42.00
-61.48,-21.93,31.51
-48.56,-44.19,31.45
-48.69,-56.35,35.07
-39.32,-54.36,57.08
-16.78,-44.80,56.81
-15.86,-9.62,62.25
-9.35,-47.27,64.63
-9.85,-9.48,76.77
4.58,-18.52,41.39
51.20,-19.15,16.84
53.63,-26.37,52.16
48.38,-11.05,61.52
56.91,15.04,1.26
27.41,21.11,54.97
17.10,46.60,48.00
13.25,73.76,28.39
-1.90,88.38,36.53
-3.22,88.30,29.92
-4.16,67.88,33.16
-1.65,57.39,20.95
-9.06,24.15,30.97
-29.80,67.19,55.97
-42.92,43.65,23.14
-56.03,40.63,27.20
-55.24,55.66,31.55
-62.63,94.35,9.88
-53.19,46.47,15.96
-44.53,69.99,29.25
-19.12,6.09,39.46
-12.85,61.37,38.23
-4.41,61.39,52.35
18.56,102.22,33.96
23.64,7.87,77.15
32.31,-11.61,61.83
12.97,73.46,68.95
39.04,19.35,50.45
46.75,37.48,0.02
22.12,19.52,34.63
52.92,71.29,-55.47
-31.34,95.88,-74.14
-46.95,97.49,13.64
-64.30,100.81,-1.86
-37.91,60.49,-3.35
-27.45,75.03,11.19
-29.86,76.10,10.27
-20.13,65.79,21.11
-9.25,52.21,36.68
-5.13,36.35,45.16
-6.40,34.02,61.01
-45.01,54.40,67.75
-37.96,44.13,39.92
-31.09,50.51,39.96
-38.17,47.00,36.47
-47.83,62.27,36.72
-44.15,49.99,35.15
-42.27,48.75,19.98
-58.97,38.69,36.39
-70.12,33.29,0.38
-81.67,15.38,12.20
-93.22,23.69,32.37
-81.21,24.15,2.26
-74.87,22.83,11.28
-73.03,19.31,15.76
-73.00,17.89,19.56
-71.39,11.65,27.96
-63.86,10.06,41.28
-61.62,12.01,37.47
-53.42,9.16,38.67
-53.98,2.01,48.69
-60.30,0.46,45.51
-59.17,1.88,44.65
-60.97,7.16,42.62
-55.43,-3.74,42.92
-54.26,-11.38,58.76
-56.20,-15.51,45.34
-44.80,-17.64,58.40
-40.20,-12.14,56.79
-33.06,-19.44,43.94
-35.86,-21.17,60.20
-35.26,-22.97,57.39
-28.98,-37.12,46.68
-26.68,-42.06,48.61
-42.39,-31.70,61.33
-51.08,-21.53,76.10
-41.05,-19.56,65.60
-26.60,38.38,51.22
-21.49,55.68,40.26
-9.37,35.65,59.15
-14.61,22.16,94.03
2.83,14.77,71.35
13.79,-3.96,63.65
27.12,-0.82,26.22
4.79,30.28,37.60
-35.51,34.88,89.68
-94.70,156.90,56.79
-36.45,124.17,-82.84
-75.03,115.23,39.15
-48.59,59.07,24.94
-42.45,44.72,42.00
-41.79,43.90,41.60
-33.14,40.84,55.20
-27.95,62.58,38.63
-22.62,25.02,56.58
-9.35,53.65,3.81
-11.53,96.50,5.90
-4.54,122.87,-0.56
10.07,77.67,17.85
4.21,103.91,9.71
-8.04,70.03,25.02
-10.78,54.26,24.11
-21.55,56.73,56.93
-1.72,-4.87,65.37
-3.45,-2.36,77.88
23.16,-7.97,68.82
26.62,-5.71,43.19
16.07,8.70,80.22
32.35,-3.74,83.49
26.09,8.54,53.55
38.27,22.08,17.91
35.24,29.69,31.99
47.39,43.17,3.91
22.01,27.52,14.37
-27.96,156.39,-111.4
-69.53,152.24,-16.05
-65.39,89.95,40.17
-42.71,42.98,-7.81
-46.74,58.40,0.33
-34.15,67.13,12.28
22.93,82.50,-3.45
-43.63,116.55,-4.73
-14.52,38.58,65.66
-19.00,71.08,30.86
-30.82,57.73,42.00
-31.11,39.84,49.97
-28.83,50.05,52.46
-37.48,41.85,31.49
-24.25,43.75,43.63
-26.76,49.84,58.02
-9.86,56.24,47.02
-4.23,35.15,55.41
-3.87,55.32,39.82
9.73,58.40,16.22
-5.59,57.75,37.54
-27.33,56.45,29.06
-65.83,43.19,19.19
-79.64,43.06,35.86
-60.43,43.31,8.96
-75.96,46.08,17.09
-62.63,22.28,22.20
-61.73,27.29,29.29
-62.86,17.91,36.26
-70.47,14.65,45.36
-49.30,14.58,47.71
-45.99,11.61,47.71
-51.10,-11.22,44.46
-58.46,-7.16,53.52
-42.23,-16.76,43.50
-52.39,-14.21,57.42
-46.89,-17.70,51.08
-29.00,-34.00,70.54
-27.70,2.78,73.97
-9.56,10.48,55.03
2.89,0.71,69.68
0.63,-34.61,81.42
7.55,-30.68,66.06
24.48,-7.05,57.35
19.21,35.76,38.12
27.83,4.73,75.87
2.13,94.35,46.26
-2.11,18.75,71.18
-8.73,31.26,65.18
-26.83,32.16,64.41
-29.78,55.62,42.35
-38.38,52.81,1.67
12.14,26.70,-14.33
-21.09,37.68,50.37
17.01,32.20,-55.83
-22.18,-89.18,-17.14
-46.74,46.77,1.99
-39.96,51.56,-2.93
-31.64,61.91,3.26
-17.54,83.97,-3.35
-37.81,84.47,6.53
-53.84,58.32,38.12
-46.51,46.51,46.29
-36.39,49.28,38.04
-35.82,33.67,38.77
-45.97,36.68,48.04
-42.75,59.09,33.00
-30.51,51.16,33.79
-32.49,49.82,43.63
-25.40,73.03,34.42
-35.93,36.43,43.21
-43.73,39.25,39.44
-53.46,58.36,26.68
-68.40,21.41,30.00
-80.41,29.27,18.71
-80.81,25.26,28.92
-66.79,30.15,8.29
-67.82,24.36,12.20
-68.25,6.99,28.08
-68.72,15.74,47.02
-65.31,-1.70,46.16
-52.16,-10.86,51.31
-46.28,-24.79,56.75
-21.34,-45.66,46.03
-8.73,-50.66,38.86
8.49,-68.82,11.32
-11.17,-85.98,-19.36
-39.71,-64.13,33.71
-52.92,16.91,73.34
-31.80,-63.86,33.96
-29.13,-65.66,60.58
-36.60,-8.56,74.64
-41.85,-11.55,60.93
-14.96,-66.73,57.39
-16.86,-21.78,47.08
-31.24,-32.56,43.86
-58.42,-19.67,50.34
-61.08,-3.98,33.88
-59.26,-26.99,44.97
-56.91,-33.71,37.81
-41.66,-31.16,43.50
-43.06,-19.96,41.18
-57.33,-2.68,41.43
-31.20,-28.90,32.83
-140.90,25.70,31.45
-94.06,105.71,22.16
-96.92,49.42,-6.74
-85.16,22.26,-12.55
-79.35,30.65,-29.84
-84.03,15.11,-14.25
-77.80,29.69,-19.36
-78.88,16.64,-16.82
-65.83,13.02,-22.68
-81.40,39.57,-23.06
-81.50,20.53,-22.70
-80.58,22.85,-20.25
-76.90,22.66,-16.86
-70.14,29.44,-22.45
-62.42,24.00,-29.08
-63.88,21.80,-30.72
-62.17,24.00,-28.85
-80.45,19.36,-26.13
-110.63,2.47,-35.09
-68.80,29.00,-30.74
-67.59,17.99,-27.20
-81.73,37.98,-26.80
-68.80,20.57,-32.94
-79.89,13.64,-25.03
-69.16,13.29,-30.17
-77.17,20.00,-28.58
-80.39,25.47,-35.19
-71.35,15.84,-25.65
-70.16,23.21,-26.83
-72.11,24.61,-25.80
-74.16,24.69,-26.43
-68.30,28.04,-25.70
-67.33,29.55,-26.72
-66.10,25.24,-25.86
-68.57,29.13,-26.13
-71.46,32.62,-30.93
-72.34,36.11,-29.46
-66.02,33.10,-30.65
-58.86,38.73,-34.02
-62.02,43.08,-35.47
-61.87,48.59,-37.18
-58.44,38.73,-39.17
-47.92,44.80,-37.08
-52.46,47.25,-37.89
-51.58,54.65,-40.18
-46.81,66.04,-38.14
-55.70,60.26,-40.64
-46.14,53.75,-32.22
-44.78,57.61,-35.99
-46.41,54.42,-35.65
-57.44,64.82,-41.49
-54.70,60.09,-37.83
-50.72,51.49,-35.63
-45.13,42.14,-35.68
-41.28,38.00,-34.11
-52.31,50.57,-38.79
-49.01,49.74,-34.06
-46.77,66.79,-34.99
-44.26,65.79,-28.85
-39.84,66.85,-47.06
-41.16,72.90,-41.85
-34.90,57.39,-31.89
-37.16,68.26,-41.14
-37.68,61.64,-36.97
-40.87,63.76,-38.61
-42.06,60.85,-38.92
-43.40,58.76,-40.13
-44.82,59.47,-37.96
-43.08,57.46,-39.61
-40.34,59.43,-40.64
-41.10,59.74,-41.64
-42.77,62.42,-37.69
-41.87,63.44,-41.16
-42.22,59.28,-37.41
-43.80,60.78,-37.45
-45.32,58.52,-38.40
-44.15,57.88,-37.92
-50.51,52.79,-40.41
-61.22,46.64,-35.88
-59.82,47.44,-45.61
-61.27,43.04,-43.35
-56.18,39.90,-39.50
-55.20,41.99,-40.86
-54.51,43.56,-40.43
-51.89,44.17,-39.59
-53.48,47.31,-40.26
-53.86,50.30,-40.91
-53.96,50.80,-39.69
-48.73,46.85,-37.71
-54.97,54.38,-43.31
-52.60,50.30,-32.73
-48.61,54.44,-37.14
-45.38,61.52,-46.74
-40.38,58.52,-33.65
-44.00,56.94,-35.66
-41.18,59.61,-40.82
-41.99,58.36,-38.31
-45.72,59.01,-39.94
-42.18,57.60,-38.00
-42.46,59.42,-39.00
-39.65,56.26,-38.58
-44.49,60.68,-39.86
-45.70,64.84,-38.12
-49.57,68.80,-41.30
-48.50,59.68,-31.16
-43.40,55.18,-39.38
-46.12,55.05,-38.96
-46.08,52.48,-37.33
-47.64,53.78,-41.20
-47.52,54.80,-40.18
-47.56,54.51,-38.33
-47.94,54.84,-38.65
-48.84,55.18,-38.27
-45.05,55.49,-39.55
-44.42,52.67,-39.76
-45.28,55.74,-38.31
-45.62,67.80,-45.30
-39.71,57.65,-38.10
-47.04,59.99,-39.97
-42.31,58.34,-39.13
-42.98,57.84,-40.61
-43.27,58.36,-41.66
-43.40,57.00,-41.01
-42.60,57.88,-41.97
-43.36,59.20,-39.17
-39.86,56.16,-36.39
-47.06,57.79,-39.74
-40.09,62.96,-40.32
-39.48,63.23,-38.98
-48.75,60.45,-39.02
-57.84,49.55,-31.49
-61.20,41.30,-32.22
-67.38,38.48,-31.09
-62.69,39.67,-36.64
-67.84,36.32,-49.51
-66.39,33.06,-32.52
-66.46,52.94,-32.08
-73.19,40.72,-19.27
-77.19,32.89,4.35
-72.21,34.57,2.45
-67.19,27.20,-0.04
-64.84,35.89,-4.96
-62.04,14.04,-1.15
-70.31,4.39,-2.49
-74.64,9.71,0.69
-64.18,-5.80,8.83
-98.51,6.36,-5.08
-70.66,-16.20,-2.07
-73.95,-13.35,-9.62
-60.74,-16.01,-11.22
-56.39,-15.90,-6.26
-80.52,8.73,-17.09
-90.16,-1.67,-0.06
-99.95,23.12,1.70
-87.34,0.98,3.85
-88.30,-2.28,0.46
-77.15,16.45,0.13
-66.04,37.33,-2.15
-64.59,30.05,-11.53
-75.33,19.81,-18.10
-76.46,-16.05,-2.82
-69.93,-1.61,-7.60
-77.50,-11.22,-0.48
-75.45,-13.62,17.32
-65.39,-15.21,12.49
-94.28,-21.22,7.16
-57.77,9.58,-19.54
-90.58,-30.01,51.06
-75.45,6.76,4.81
-83.30,-12.68,14.88
-73.53,-10.80,10.84
-90.25,-3.52,9.69
-72.69,5.80,8.68
-76.56,2.51,4.62
-92.40,-8.77,1.99
-71.83,5.13,20.51
-74.01,15.80,-3.93
-69.43,-5.67,11.05
-84.30,12.09,23.83
-69.57,-38.14,38.73
-74.82,-46.31,22.70
-67.52,-25.55,24.90
-52.27,-30.97,34.65
-45.22,4.21,34.71
-71.50,-47.35,46.35
-73.63,-41.89,44.92
-44.92,-18.79,26.36
-44.13,-24.69,96.00
-38.82,-21.80,42.06
-18.23,-59.20,63.82
-8.77,-38.27,35.34
10.75,-46.18,33.48
2.01,-54.61,26.78
3.79,-71.98,12.32
-15.44,-89.79,35.51
-9.27,-71.25,44.51
-3.29,-43.00,56.27
16.53,-57.27,81.40
34.19,9.33,8.22
69.59,64.51,-6.72
59.51,46.41,-9.29
34.38,58.15,32.43
9.06,44.02,45.99
-29.04,68.57,51.87
-12.89,81.21,21.07
20.49,65.54,-7.47
24.59,89.26,-9.40
1.49,100.71,-26.76
-46.81,82.61,14.94
-57.37,65.97,37.25
-23.04,78.01,3.43
-20.42,77.78,1.23
21.89,39.67,8.75
-36.72,113.79,-12.55
-16.70,51.85,35.32
-9.16,52.39,40.43
2.89,29.08,44.63
-35.03,50.68,64.09
-35.17,41.43,51.70
-25.26,37.47,46.77
-32.35,47.56,50.07
-32.26,36.49,52.37
-32.16,47.65,55.55
-29.08,41.66,49.21
-52.31,30.78,46.52
-62.02,35.20,45.22
-55.53,32.77,39.80
-61.52,33.19,43.88
-59.19,35.93,38.42
-58.27,34.71,32.62
-52.73,32.52,39.04
-56.03,22.41,46.81
-55.95,17.14,47.48
-54.38,13.18,55.89
-48.29,13.92,59.36
-49.47,-9.96,55.80
-38.92,8.68,62.44
-72.82,-0.36,57.00
-50.09,3.28,59.66
-40.86,-6.65,55.95
-34.90,-21.34,65.68
-16.30,-27.01,67.33
6.36,-53.08,79.85
-11.03,-11.89,54.91
51.93,21.72,4.92
40.89,43.19,-10.09
41.56,14.88,-12.58
73.28,15.21,7.39
13.96,156.90,-108.89
-52.98,120.88,-6.28
-53.80,90.90,1.23
-59.15,100.21,4.29
-33.94,82.99,2.83
-9.04,68.74,20.88
3.54,38.35,39.59
10.38,23.94,59.95
-18.96,21.43,73.11
-29.27,24.10,65.93
-28.79,36.58,42.85
-35.28,30.76,43.71
-39.50,40.57,58.76
-26.91,34.99,55.11
-34.27,33.40,43.63
-52.90,38.25,35.84
-64.66,36.16,47.12
-67.79,13.27,35.57
-73.55,29.19,39.23
-67.77,26.80,29.94
-68.74,28.21,26.39
-62.14,18.90,22.64
-63.63,2.03,40.40
-65.14,-0.38,51.33
-65.05,-0.82,47.98
-47.73,-0.54,44.74
-47.23,-5.71,48.25
-50.24,-10.42,45.62
-61.64,-15.92,59.70
-46.49,-19.73,52.69
-35.17,-24.96,56.08
-12.22,-45.89,65.01
3.18,-35.01,76.54
2.66,-22.12,66.18
16.84,10.07,60.51
40.82,8.89,-19.10
56.89,3.29,-44.80
33.86,103.16,-23.12
-7.20,61.08,-66.58
-86.69,150.43,-37.24
-66.22,81.65,15.17
-41.72,67.84,17.35
-42.06,59.68,28.81
-30.80,34.25,36.41
-18.75,51.52,31.37
-4.10,44.99,40.43
-16.19,53.38,46.77
-12.83,44.55,50.32
-3.60,59.11,41.28
-15.17,47.25,45.59
-24.23,50.82,29.06
-67.42,32.14,46.37
-61.24,47.87,45.53
-48.98,21.18,36.93
-48.94,21.70,44.44
-50.93,19.59,45.13
-61.29,7.49,56.24
-50.80,14.83,48.94
-42.54,7.87,55.20
-37.98,-15.42,53.19
-44.65,-17.89,58.86
-49.82,-9.08,64.66
-35.70,-14.21,55.37
-37.98,-13.71,55.18
-38.46,6.74,54.99
-36.39,8.29,107.93
2.74,-47.60,57.25
12.79,13.25,59.89
-1.11,53.15,69.57
1.67,37.48,68.53
0.33,33.42,58.57
-4.19,29.78,70.29
4.23,2.09,78.99
7.60,-50.41,70.47
-10.32,-34.36,80.60
-0.59,-6.59,68.25
8.64,12.41,68.02
19.04,9.40,69.49
14.21,35.61,90.04
8.20,14.35,68.95
38.84,33.08,27.62
50.11,42.69,29.86
54.05,23.79,-39.23
-7.91,60.72,-23.33
32.71,156.90,-35.49
-58.09,107.01,5.84
-33.90,70.87,-11.19
-31.30,88.66,-14.81
-18.54,76.27,-12.47
-10.75,82.44,-16.51
-29.80,81.56,5.11
-17.32,80.48,1.23
-16.61,79.57,13.91
-14.10,76.56,22.35
-21.20,80.27,63.53
-22.97,68.69,33.81
-10.98,62.38,35.24
-11.70,46.68,47.83
-7.22,47.64,43.77
-19.23,53.94,51.05
-22.66,42.71,58.88
-15.27,50.59,48.23
-22.68,41.99,38.37
-35.01,26.80,39.23
-65.41,76.69,22.56
-51.14,43.86,39.36
-40.93,34.84,33.23
-45.22,20.76,41.43
-55.53,7.64,55.89
-53.06,5.46,54.34
-49.51,-0.13,45.84
-52.63,7.16,48.92
-54.30,4.44,44.05
-54.88,-3.91,42.58
-58.19,-20.61,31.62
-71.35,-31.60,34.02
-58.23,-44.44,28.77
-48.96,-50.43,21.11
-46.03,-52.52,31.13
-40.36,-27.81,38.35
-41.53,-19.21,53.52
-28.48,-34.75,58.06
-26.66,-36.91,30.86
-46.83,-42.77,38.90
-73.59,-57.56,46.07
-78.26,-24.52,41.22
-63.11,-23.14,39.80
-61.92,0.33,22.20
-64.57,8.68,21.99
-59.34,4.81,32.66
-42.48,-28.71,51.12
-57.84,-3.75,49.67
-50.36,-14.54,42.75
-57.79,-10.86,45.32
-58.63,-4.48,42.22
-60.49,-4.75,42.71
-59.82,-4.31,38.58
-62.54,-3.74,39.94
-64.34,-4.35,39.27
-61.31,-1.49,42.06
-59.30,-1.36,40.20
-59.66,-1.82,40.82
-60.05,-1.88,41.14
-60.83,-1.26,41.43
-60.60,-3.14,42.81
-60.14,0.23,40.57
-61.79,-0.73,41.49
-61.25,-1.13,41.05
-60.35,-1.05,40.64
-60.20,-1.34,40.84
-60.26,-0.75,42.20
-60.39,-1.40,42.20
-59.28,-0.15,40.43
-60.35,-1.55,41.70
-60.62,0.79,41.85
-61.69,-1.32,41.89
-60.32,-0.98,40.26
-60.30,-0.82,40.84
-61.10,-0.82,41.93
-60.45,-0.96,42.31
-59.78,0.46,43.36
-56.83,1.09,41.54
-59.13,2.39,39.32
-61.37,-1.44,45.38
-61.54,0.86,40.24
-56.79,1.26,45.36
-56.85,4.62,41.03
-60.35,2.70,42.81
-58.48,2.26,39.30
-60.87,0.59,44.38
-60.55,1.90,39.88
-61.33,4.62,41.03
-59.28,2.01,40.13
-62.04,-0.42,39.61
-64.55,6.63,41.64
-59.19,2.68,41.01
-55.62,-5.31,42.54
-58.96,-2.30,44.86
-57.67,-4.35,46.29
-54.59,-15.00,42.50
-60.66,-11.07,37.52
-89.12,31.18,33.40
-68.93,27.70,40.32
-73.30,8.41,36.49
-58.80,-21.09,41.89
-69.64,-37.69,53.80
-59.32,-51.49,38.40
-32.35,-30.45,30.21
-19.35,-45.62,25.42
-22.24,-54.13,17.72
-35.86,-69.15,36.81
-103.41,-50.91,51.72
-76.23,-49.95,38.69
-51.28,-30.51,22.01
-53.92,-22.18,26.93
-56.87,-49.78,37.94
-50.85,-60.78,22.79
-34.32,-59.95,15.59
-21.05,-79.47,33.67
-4.16,-76.75,37.04
-3.85,-16.15,41.26
1.44,1.72,82.52
9.17,6.17,64.95
13.94,4.39,67.71
12.34,7.07,65.03
12.49,5.73,69.68
6.82,-29.75,69.49
-1.67,-6.49,52.77
-43.58,-21.78,69.78
-43.67,-19.23,46.66
-89.77,-33.42,27.85
-94.93,7.05,30.42
-97.61,-4.85,16.74
-88.09,-30.47,33.71
-60.10,-42.46,63.48
-30.13,17.81,62.02
8.52,15.28,29.09
33.16,29.06,26.99
37.73,33.29,24.71
32.73,41.45,-16.28
-23.58,129.06,-65.22
-13.73,110.33,-2.51
-30.80,89.66,-6.30
-8.22,71.12,-34.29
-5.36,76.40,-34.11
29.36,102.61,-14.90
6.82,80.45,-50.53
-33.33,38.10,11.17
-17.58,85.89,25.13
-26.80,80.81,28.10
-25.03,51.41,39.15
-27.06,51.60,43.69
-38.37,33.33,54.17
-42.54,40.95,42.96
-22.28,46.18,33.48
-22.31,70.29,30.49
-43.80,55.43,44.84
-41.30,48.34,72.31
-28.79,59.05,43.77
-30.42,41.93,48.06
-38.67,51.75,32.52
-71.71,80.94,44.97
-47.41,22.83,28.75
-62.35,16.68,53.48
-57.81,20.19,28.58
-60.01,17.53,51.60
-57.56,5.04,52.94
-49.15,3.70,50.76
-47.73,3.33,52.75
-48.10,-7.64,60.78
-45.72,-23.18,48.00
-42.22,-22.35,50.83
-43.46,-26.13,50.39
-44.74,-34.80,52.25
-39.15,-36.26,53.06
-38.19,-29.73,62.15
-30.13,-19.92,69.87
-33.77,-24.52,76.75
-11.61,-41.85,62.82
21.62,32.58,49.32
-12.09,33.33,84.91
-8.56,13.47,69.53
-49.84,18.16,65.97
-68.95,41.72,92.55
-27.05,55.83,25.44
-31.68,48.73,37.25
-36.03,48.48,49.28
-17.28,70.97,21.76
1.15,77.69,29.59
26.55,106.63,-21.20
1.36,64.78,30.03
-3.03,75.50,32.85
-6.70,46.79,40.57
-4.27,57.10,19.77
-37.37,-0.11,93.39
-38.31,11.26,86.17
-17.81,-9.85,73.00
-8.24,-9.42,69.39
-4.02,-21.59,72.59
-30.95,-23.48,44.03
6.51,33.12,78.09
40.49,38.29,6.53
-2.16,78.28,52.98
-25.00,77.99,74.47
-21.07,53.65,68.90
-17.26,45.15,50.51
-17.51,64.11,43.80
-13.31,60.20,39.51
-39.69,31.39,58.59
-41.95,26.85,59.32
-52.00,0.46,71.04
-42.14,-13.77,56.50
-32.81,-72.86,91.13
-12.45,-36.89,52.88
22.51,-27.12,53.67
8.72,2.97,59.05
5.71,32.62,60.12
-10.69,10.34,48.42
-52.23,108.76,44.95
-82.88,-15.23,64.59
-88.22,-16.82,29.90
-125.42,-6.78,60.14
-120.34,-48.52,58.30
-34.38,1.61,-57.29
-33.42,129.19,-35.88
-48.94,103.72,-35.63
-51.14,86.58,-30.32
-35.89,69.18,-8.87
-25.05,85.54,6.72
-13.01,66.08,14.44
-9.33,34.82,41.26
-1.25,39.71,52.48
-11.01,37.52,59.38
-22.20,28.42,67.69
-24.10,66.00,41.95
-32.93,45.01,53.57
-26.68,57.04,35.34
-29.54,35.59,50.72
-26.76,49.65,37.68
-35.66,47.02,46.75
-36.53,51.68,20.95
-71.06,33.81,54.47
-65.58,18.10,31.43
-63.51,23.08,27.72
-65.83,23.81,28.71
-65.22,7.53,29.75
-65.99,0.56,34.88
-59.19,-2.57,44.72
-57.73,-3.14,38.23
-58.44,-8.58,44.99
-60.18,-15.02,35.24
-64.84,-18.83,40.82
-62.38,-21.76,38.00
-61.31,-18.02,39.13
-68.44,-22.26,54.38
-54.80,-23.18,65.10
-42.43,-24.80,75.45
-14.31,-95.81,42.90
33.69,-5.50,56.91
-5.38,113.12,31.78
-16.99,38.96,19.58
-39.90,82.97,37.52
-35.17,53.90,38.79
-35.51,54.36,27.66
-47.56,40.45,24.17
-72.04,51.06,9.96
-76.96,34.04,38.58
-88.49,11.17,19.19
-70.54,30.03,-4.41
-20.15,22.33,-14.83
-44.19,99.93,-5.02
-67.77,55.76,-37.89
-75.70,59.43,-7.01
-58.29,38.21,-17.62
-53.57,54.22,-21.17
-28.98,32.16,-30.19
-48.52,33.94,12.85
-70.31,77.76,-25.17
-76.33,73.49,22.30
-87.05,87.80,-6.63
-61.16,56.31,17.91
-71.12,54.97,-2.87
-52.25,57.37,23.69
-54.76,46.52,16.86
-51.33,56.52,23.79
-58.38,31.95,17.89
-41.64,51.73,22.49
-31.14,58.29,16.97
-35.88,66.62,21.26
-34.02,59.78,29.13
-29.38,47.98,34.82
-31.07,52.50,20.44
-49.82,47.43,30.17
-64.53,49.51,24.69
-78.19,41.30,45.15
-74.45,69.41,6.61
-58.13,27.06,18.89
-52.37,24.88,28.96
-51.24,18.89,48.10
-44.63,20.78,43.10
-41.01,22.47,43.65
-62.58,13.06,57.08
-60.83,1.36,42.45
-67.56,2.15,51.20
-58.53,-2.41,48.42
-51.68,-12.11,48.96
-48.52,-12.72,56.98
-34.13,-6.17,77.38
-26.83,-10.04,69.32
-10.59,1.36,55.97
-15.59,54.55,59.15
-23.41,13.87,61.25
-45.70,58.94,53.29
-22.39,-25.21,33.17
-45.38,32.18,42.79
18.04,88.70,-7.45
-18.60,50.37,38.79
-19.52,78.09,26.51
-12.76,39.21,23.87
-25.80,53.46,41.01
-31.32,33.40,45.84
-45.82,47.48,48.33
-44.07,63.59,40.97
-30.17,53.36,41.66
-18.85,86.73,50.82
-5.42,79.80,41.53
6.80,35.19,39.28
-14.67,59.86,56.29
-3.85,105.00,1.93
4.64,81.73,-2.59
-10.63,66.29,33.62
-14.65,156.90,14.63
-12.51,94.79,27.68
-30.67,114.54,11.03
-25.49,67.82,33.63
-13.52,65.30,29.00
-14.35,71.85,15.27
-19.59,53.65,28.92
-29.40,46.26,48.94
-19.42,68.55,33.69
-18.43,51.89,54.72
-11.51,5.19,94.89
-14.02,-32.08,63.57
7.97,-27.37,62.02
27.62,-4.94,56.83
28.04,-3.95,66.96
39.40,58.88,0.63
11.91,38.23,57.54
16.43,77.42,-2.57
35.59,4.33,-30.26
-29.25,156.90,-19.77
-27.95,55.57,-21.51
-48.11,75.41,-22.18
-43.59,91.84,-16.86
-28.23,76.96,30.55
-23.90,66.52,23.75
-20.48,45.87,38.35
-20.67,27.91,50.37
-52.29,33.16,52.42
-31.09,59.13,41.87
-34.94,42.22,42.12
-32.04,40.82,46.95
-31.80,58.69,37.96
-33.00,35.38,40.49
-48.08,38.37,40.36
-76.90,39.46,26.78
-74.37,25.80,41.22
-72.31,50.55,11.80
-70.64,16.40,28.06
-60.20,2.49,28.04
-71.71,-7.57,46.77
-65.97,-7.28,49.84
-50.34,1.00,36.28
-47.04,-9.42,47.29
-43.38,-20.44,51.41
-61.60,0.84,48.84
-58.40,0.17,35.09
-64.20,6.78,39.67
-57.39,15.13,32.18
-63.65,30.63,29.90
-58.11,27.52,33.96
-65.24,30.93,33.84
-69.05,35.45,44.51
-61.96,31.20,39.11
-53.96,0.25,39.61
-50.51,36.30,37.47
-47.43,7.97,48.04
-63.65,17.10,47.04
-62.17,-8.26,52.50
-49.51,9.44,41.24
-54.44,19.98,44.09
-52.71,9.12,35.17
-72.86,36.83,38.25
-62.02,10.69,42.56
-67.12,9.86,38.44
-59.66,22.83,29.82
-63.34,20.44,34.76
-65.97,30.53,36.83
-50.16,13.39,41.24
-54.57,17.85,33.08
-58.29,15.23,37.20
-55.45,22.18,38.50
-63.40,14.92,43.23
-66.46,9.62,50.80
-52.02,-3.16,40.15
-52.48,-8.06,53.11
-64.34,-9.81,54.91
-44.51,-22.47,44.53
-58.61,-12.34,58.55
-50.68,31.18,42.83
-35.42,-7.62,57.10
-28.33,-3.12,57.14
-16.26,46.47,53.42
-15.94,58.17,55.34
-13.96,46.31,35.07
-19.17,43.88,21.95
-14.48,88.28,3.95
-16.70,85.27,4.42
-21.09,72.23,7.22
-19.35,51.05,22.54
-53.02,51.35,-1.80
-29.67,55.66,42.73
-31.57,100.42,-16.91
-26.45,33.12,30.99
-62.77,52.48,40.51
-44.82,38.50,42.33
-15.99,75.52,8.39
-43.56,78.34,51.28
-27.91,33.08,34.29
-35.47,35.47,47.98
-57.67,28.98,72.92
-48.78,-9.17,48.54
-44.69,3.96,76.23
-18.16,2.85,47.27
1.80,45.03,43.58
4.44,66.22,34.55
-12.01,26.97,33.27
-66.43,84.43,56.48
-52.04,63.40,44.26
-42.67,46.29,37.96
33.96,121.95,5.46
-15.00,109.81,-156.9
-58.55,83.01,-2.76
-62.65,32.98,4.64
-64.57,97.28,4.60
-5.69,33.17,0.38
-1.36,80.18,33.65
-47.14,79.35,22.91
-50.32,79.01,3.83
-62.19,50.39,56.52
-58.46,59.78,21.80
-34.59,46.14,21.93
-32.75,34.73,40.15
-37.81,32.31,41.39
-45.01,35.01,45.72
-47.83,60.93,28.04
-55.74,46.62,41.41
-47.94,50.55,38.46
-29.88,50.09,26.83
-23.41,0.56,52.39
-47.33,42.06,25.63
-68.65,54.07,26.74
-76.27,35.09,38.37
-64.34,18.85,42.81
-58.21,26.45,21.80
-54.84,57.81,47.14
-51.06,27.66,37.16
-28.35,14.52,44.48
-28.77,36.14,56.47
-52.21,-5.42,55.89
-40.49,-22.33,56.37
-38.94,-28.77,76.67
13.52,-33.56,75.95
26.36,22.07,51.77
8.16,25.95,48.63
-5.09,16.78,90.16
-19.92,18.62,84.70
0.82,54.97,25.46
44.74,1.57,-40.45
26.83,83.84,-48.82
-53.86,71.56,68.17
-46.43,80.77,18.39
-32.22,37.01,37.37
-68.78,109.89,17.64
-39.44,52.86,32.81
-22.45,48.63,39.25
-16.99,40.40,45.15
-46.54,45.93,57.94
-39.04,0.92,43.23
-42.39,44.15,45.26
-41.01,49.78,46.66
-29.02,63.90,30.38
-50.87,39.09,40.59
-63.32,56.35,10.11
-62.50,22.10,29.42
-63.67,31.78,21.17
-57.69,20.92,19.94
-68.90,12.87,37.14
-63.74,20.00,36.33
-55.99,10.09,38.88
-43.29,4.67,51.73
-53.52,1.67,58.94
-53.38,4.06,55.03
-45.97,3.01,45.55
-22.41,-54.61,64.47
22.03,50.11,14.29
-1.32,46.70,70.85
-4.87,45.78,62.69
-8.87,-24.54,92.25
-25.28,33.69,63.55
30.44,13.68,4.19
-116.05,156.90,-88.7
-38.67,84.99,-11.38
-33.25,28.08,-7.55
-39.02,78.03,22.05
-37.45,57.35,30.65
-35.93,52.00,49.03
-40.61,32.03,38.94
-31.13,48.73,38.69
-14.75,57.67,44.97
-20.48,46.03,46.79
-30.36,31.28,44.42
-55.87,49.84,18.71
-80.43,45.16,61.79
-54.93,29.80,24.13
-58.50,20.05,35.38
-62.29,7.09,45.39
-55.28,-2.32,45.43
-54.32,-4.92,51.28
-47.46,-0.38,46.26
-52.31,-7.87,47.56
-57.10,-8.79,50.60
-57.56,-5.46,47.48
-59.65,0.63,52.81
-53.38,-9.48,45.39
-55.34,-10.02,49.72
-49.59,-22.81,40.32
-55.64,-21.38,39.84
-42.29,-12.83,49.30
-44.21,-21.64,52.56
-42.96,-1.07,58.55
-21.57,14.12,49.90
-22.28,26.59,51.33
-37.75,25.47,51.29
-60.58,20.25,49.38
-67.52,6.99,67.77
-48.11,-10.46,53.90
-17.16,-17.14,91.61
-9.08,30.51,32.77
10.76,54.57,0.71
-4.62,20.59,5.13
54.72,55.07,-35.59
-43.38,31.35,89.16
-46.45,60.81,-3.20
-98.80,44.94,30.67
-51.52,16.97,18.89
-35.53,41.64,18.89
-24.42,58.92,30.78
-65.87,102.70,-8.62
-33.98,63.55,20.57
-46.81,60.78,18.79
-37.29,44.90,40.76
-25.44,43.12,42.33
-42.23,44.30,44.71
-39.76,41.24,42.83
-21.18,66.35,44.26
-22.47,60.95,43.02
-24.33,57.71,52.06
-42.77,50.18,28.00
-64.68,60.74,26.01
-52.67,11.45,42.45
-43.98,25.63,36.07
-38.33,8.31,49.44
-47.46,1.13,54.32
-53.80,-13.20,44.95
-69.97,-17.93,29.92
-70.49,-26.91,29.77
-64.22,-33.02,29.40
-67.23,-38.81,27.06
-55.62,-46.70,24.10
-50.07,-44.15,21.62
-63.97,3.51,48.82
-58.67,-24.06,35.30
-55.66,-50.26,78.97
-44.65,-32.94,40.32
-44.57,-45.41,42.37
-40.07,-33.06,40.78
-34.55,-24.94,54.80
-84.83,-32.93,38.88
-70.87,-18.35,31.66
-71.96,-24.21,39.94
-61.87,-14.08,36.12
-50.83,-64.51,35.84
-57.52,-45.07,33.12
-46.91,-42.71,28.21
-44.19,-55.41,33.65
-43.80,-46.54,29.52
-46.01,-35.03,18.77
-74.43,-42.31,35.32
-81.77,-24.40,19.54
-81.88,-2.89,13.77
-76.98,11.74,-21.57
-82.63,7.81,-18.22
-81.37,17.01,17.35
-71.73,7.34,22.52
-55.45,-0.67,18.06
-52.92,7.20,10.63
-73.59,11.80,5.55
-98.20,15.96,36.55
-70.28,20.42,-8.89
-71.73,7.41,-10.15
-81.31,9.29,-8.10
-93.05,-6.28,-2.99
-63.78,23.73,9.50
-70.37,12.97,-5.13
-81.54,-0.52,-2.55
-87.00,28.54,-20.97
-88.80,5.34,-15.50
-79.53,-7.34,-9.52
-66.69,-24.96,-33.71
-65.83,-37.64,-45.30
-65.43,-9.17,-43.63
-98.13,-15.84,1.11
-80.20,-10.06,-23.79
-70.85,-22.35,-5.48
-68.25,13.27,-15.17
-78.03,-5.23,-1.15
-76.37,2.24,-4.64
-75.93,8.03,-6.86
-78.57,5.31,-7.81
-79.60,3.22,-5.04
-75.60,-10.17,-2.09
-74.74,-5.17,0.92
-76.85,-3.31,0.54
-80.39,-5.69,3.22
-77.04,4.19,1.28
-79.24,9.92,-2.03
-71.96,10.82,-7.07
-78.65,21.07,-7.70
-72.48,23.73,-4.41
-73.97,17.58,-3.31
-78.70,24.11,-6.99
-72.82,21.45,0.19
-70.66,28.39,-2.16
-73.05,24.04,-2.59
-74.82,15.86,0.75
-77.86,19.27,1.32
-75.47,19.86,3.62
-72.69,8.45,6.90
-70.14,3.08,7.14
-82.92,-5.21,0.86
-83.17,18.71,-10.80
-82.67,27.98,-8.98
-76.48,1.59,-0.54
-67.94,-5.27,1.38
-84.07,1.65,7.68
-64.20,9.21,22.03
-76.67,-29.57,18.33
-67.56,-12.26,16.24
-67.56,-13.25,14.14
-94.72,-0.15,14.10
-73.40,12.79,0.92
-83.19,10.27,-3.28
-83.19,6.57,-13.87
-90.52,8.37,-25.92
-99.03,30.93,-27.43
-64.01,-12.32,43.79
-52.77,-16.26,30.19
-51.41,-1.74,39.38
-66.77,20.32,19.21
-76.06,6.70,21.53
-76.79,2.13,19.88
-69.30,17.49,15.97
-76.21,4.08,12.97
-71.81,2.59,20.59
-72.94,-6.00,15.50
-82.48,-16.03,1.21
-105.79,0.52,0.79
-70.08,-10.99,-2.80
-77.17,-24.11,4.02
-62.46,-28.65,-9.67
-78.45,-26.34,3.91
-66.54,-28.85,-13.16
-83.76,-16.38,-9.10
-74.07,-15.67,-8.14
-83.19,-16.07,-8.50
-76.86,-18.90,-13.96
-76.06,-16.89,-16.34
-81.79,-27.54,-16.51
-70.95,-21.47,-15.15
-74.70,-37.35,-15.11
-65.79,-31.34,-27.79
-81.54,-31.07,-12.53
-79.07,-29.73,-24.92
-83.11,-8.18,-8.87
-73.34,-33.00,-24.10
-77.09,-4.19,2.62
-72.59,18.22,-15.19
-65.64,0.88,-4.00
-72.92,10.61,-5.48
-75.66,-1.30,-1.02
-82.09,7.41,3.12
-68.74,6.82,-1.67
-86.50,15.80,-3.72
-68.42,2.83,-1.44
-74.41,5.09,-14.17
-73.76,-14.33,6.61
-81.86,-13.87,-4.92
-102.65,-5.82,-4.67
-61.60,-19.25,-11.66
-75.75,-15.48,-10.21
-83.22,-22.39,-9.12
-75.14,-16.76,-12.87
-74.01,-15.61,5.80
-89.08,6.91,6.00
-80.70,-8.93,18.71
-76.71,5.86,11.72
-73.65,-15.88,10.67
-63.07,-0.59,7.78
-84.76,5.73,11.63
-69.36,-7.49,12.30
-77.34,7.05,2.83
-71.02,1.70,9.21
-77.76,-6.15,15.78
-82.34,0.50,20.00
-121.49,11.26,13.56
-66.33,40.03,-4.23
-61.94,7.20,6.55
-52.08,-11.49,22.52
-57.96,11.32,27.77
-90.44,0.80,27.62
-87.50,24.11,15.09
-35.42,62.40,-53.71
-66.58,10.67,4.83
-81.65,-2.16,14.27
-106.50,24.92,14.98
-71.52,36.37,28.83
-61.91,-3.91,16.36
-62.23,-8.16,21.36
-54.67,6.24,15.11
-96.27,7.91,23.48
-80.24,17.85,15.86
-69.85,13.54,0.40
-71.20,16.19,10.98
-79.39,6.03,10.82
-76.90,14.44,36.26
-51.12,9.46,27.96
-62.29,13.54,24.96
-61.71,9.69,23.96
-68.30,27.93,19.86
-81.17,17.53,20.95
-66.20,13.79,14.92
-82.88,22.28,7.49
-75.96,13.77,5.34
-79.45,13.85,6.21
-72.73,20.48,0.11
-73.28,19.33,-4.37
-75.81,17.56,-0.33
-82.94,-8.10,23.08
-63.44,3.49,9.40
-67.15,12.81,3.12
-71.29,11.53,-7.87
-102.28,16.28,9.86
-97.70,7.37,3.95
-64.03,2.24,7.28
-54.38,7.55,-7.66
-96.92,8.91,-2.76
-110.04,-9.67,16.32
-68.76,52.27,8.89
-42.20,-8.56,3.49
-57.63,-10.84,18.52
-109.20,0.92,6.45
-93.03,18.10,-3.77
-58.23,29.67,4.92
-55.37,2.51,-6.32
-95.41,-6.90,8.22
-98.45,-8.35,28.50
-74.89,21.89,-1.61
-49.01,-9.81,-2.28
-55.93,-10.78,21.57
-93.24,16.22,9.14
-91.31,14.46,3.33
-61.87,18.69,-0.63
-65.91,8.68,-3.43
-72.27,7.43,4.04
-63.23,14.00,0.94
-122.89,39.42,-4.39
-93.66,53.69,-25.69
-48.65,2.74,8.33
-61.08,-4.10,1.67
-80.94,52.14,-24.98
-63.76,8.43,-26.64
-83.61,-3.26,-10.92
-80.70,1.92,-2.45
-79.11,32.47,-7.74
-85.08,4.18,9.63
-70.98,0.73,22.47
-53.94,29.42,12.37
-59.89,39.19,1.74
-68.30,40.26,3.29
-125.84,58.46,23.83
-119.25,38.46,10.44
-91.10,56.10,24.92
-76.77,6.74,15.63
-58.61,8.45,7.13
-71.44,11.91,9.12
-81.61,-6.40,20.07
-66.23,11.55,8.79
-66.79,-12.11,16.20
-68.17,-2.74,13.96
-81.69,-12.55,12.12
-75.79,-20.94,14.52
-72.69,-6.13,-1.59
-72.90,-12.62,8.81
-93.20,4.64,9.04
-73.59,4.16,27.70
-69.15,17.62,15.76
-70.58,3.26,13.50
-83.47,-3.66,15.32
-70.75,-18.12,3.87
-72.25,-9.71,-10.61
-71.21,-4.77,-3.31
-81.73,19.75,31.16
-74.74,38.92,8.20
-45.39,-13.14,9.00
-63.71,-17.14,5.48
-91.80,-27.77,24.59
-55.01,-36.09,6.59
-56.29,-7.22,0.59
-79.20,7.85,10.04
-78.49,-14.02,3.77
-89.87,-12.12,38.46
-61.01,5.82,-2.85
-66.18,-5.34,21.72
-59.68,1.23,10.11
-93.91,-16.97,25.95
-53.65,-17.22,9.42
-79.62,30.65,2.70
-80.18,-29.73,17.33
-95.37,4.48,8.83
-75.83,-17.30,29.08
-47.00,37.37,8.31
-79.26,19.96,21.20
-82.46,22.07,9.48
-71.73,4.58,19.54
-31.22,-31.89,10.21
-78.93,-2.62,-2.91
-67.54,-2.47,1.99
-84.39,13.48,25.86
-68.74,13.58,18.56
-64.38,14.77,20.30
-86.06,26.82,25.38
-64.03,4.69,15.53
-91.54,-13.35,-0.67
-75.64,-26.13,-8.37
-71.48,-0.02,5.04
-76.50,11.32,18.81
-71.56,-43.75,35.84
-53.32,32.47,14.10
-68.32,23.60,56.93
-55.57,30.78,14.84
-69.18,28.62,24.54
-77.73,13.66,-0.29
-67.71,7.14,5.65
-73.97,10.27,14.81
-72.77,28.83,15.53
-86.84,-17.91,29.86
-52.63,34.76,12.95
-65.08,22.31,21.11
-67.02,17.47,19.42
-70.10,50.41,46.87
-69.01,32.27,26.01
-71.60,7.70,9.63
-48.13,-3.03,5.59
-82.80,-3.16,-2.57
-73.36,11.19,4.77
-72.44,21.47,11.68
-81.44,29.34,8.87
-78.07,19.00,18.06
-71.62,18.52,12.09
-86.73,15.48,15.48
-64.11,36.58,0.59
-81.37,16.30,7.34
-78.84,10.50,9.63
-79.28,21.68,8.58
-68.67,8.03,4.69
-90.18,16.59,2.59
-65.81,16.80,0.56
-76.37,45.57,0.42
-83.57,50.20,9.06
-62.17,15.88,30.51
-56.01,33.52,24.94
-55.20,33.94,29.42
-53.57,37.24,35.01
-39.51,40.78,37.31
-57.06,45.11,45.11
-51.39,49.70,27.68
-51.96,52.44,27.52
-58.84,57.10,18.14
-47.21,65.70,17.66
-35.74,45.93,37.08
-41.47,61.39,26.78
-40.53,38.19,39.44
-50.24,51.91,38.77
-46.47,47.39,26.95
-48.31,47.54,46.24
-40.38,36.55,35.76
-44.19,8.91,-10.80
-76.27,72.21,29.96
-68.46,61.66,11.13
-72.54,38.40,9.39
-64.59,25.28,19.38
-67.52,34.29,1.63
-75.70,29.02,3.47
-70.74,42.64,-0.46
-72.84,15.13,10.23
-75.62,33.86,-11.86
-63.55,-1.09,14.15
-79.03,29.88,-8.14
-82.67,13.35,7.91
-63.74,25.95,7.14
-77.96,39.32,6.11
-55.16,-43.15,28.56
-108.91,35.45,-2.74
-97.53,-21.07,8.31
-64.57,-17.28,1.93
-67.13,-10.23,-2.34
-61.08,-17.30,7.87
-51.45,12.35,-9.88
-85.27,-78.15,71.12
-103.24,19.65,35.63
-79.30,-15.09,-9.83
-74.09,-64.64,-0.88
-89.56,86.15,-27.49
-81.81,-38.79,5.02
-91.12,35.47,20.00
-50.37,-64.82,13.37
-43.15,93.41,-31.01
-138.25,-156.91,99.6
-71.58,21.76,3.98
-27.28,-127.01,-0.86
-108.16,33.62,44.59
-115.29,-69.89,1.78
-79.53,-41.12,4.67
-66.25,128.75,-40.17
-59.61,-47.46,1.03
-45.55,78.70,-93.87
-97.17,-138.14,-22.5
-100.29,-35.63,3.98
-66.22,110.31,-53.32
-80.58,-39.09,20.72
-56.37,116.26,-32.12
-140.11,-153.79,153.
-87.57,-1.93,-4.98
-73.00,88.45,-34.67
-79.03,18.52,-1.32
-60.87,5.50,23.31
-73.78,-10.63,-1.95
-71.54,-16.72,5.38
-78.63,0.21,-0.90
-74.99,10.04,-9.42
-77.13,-9.62,4.06
-80.29,2.38,-1.03
-72.25,4.14,-3.62
-79.72,-6.15,4.00
-73.82,0.02,-1.92
-75.58,-8.24,1.74
-77.06,-14.31,4.77
-73.36,-4.48,0.56
-77.94,-17.16,-0.02
-76.25,-16.47,0.82
-75.83,-12.28,1.69
-73.90,-22.05,1.80
-72.92,-21.99,1.40
-72.75,-24.17,1.63
-71.87,-22.74,1.25
-72.63,-16.63,5.04
-70.83,-27.73,5.34
-70.93,-26.91,3.37
-67.36,-12.79,1.69
-83.53,-12.79,5.36
-79.09,-47.88,2.39
-97.49,2.38,13.18
-66.14,18.64,4.69
-80.48,-74.07,-18.35
-156.91,-156.91,7.26
-75.08,-5.61,-4.73
-53.42,-134.19,3.96
-81.63,33.40,1.59
18.37,95.39,-105.54
-75.29,52.79,17.05
-82.50,-86.19,-20.30
-124.86,-26.24,3.87
-84.32,-64.13,21.64
-122.87,33.08,8.83
-84.24,84.99,15.82
-101.08,80.71,-39.04
-44.42,26.82,39.19
-55.34,-56.16,6.88
-40.41,-80.37,-44.25
-71.73,-4.83,0.65
-114.60,100.67,1.88
-9.62,118.83,-62.23
-73.38,-53.11,-14.94
-156.91,-156.91,76.7
-49.09,-144.42,31.11
-63.95,-43.71,58.76
-56.79,-0.33,27.31
-95.18,23.16,-4.02
-38.60,46.45,-46.62
-74.55,6.45,-35.34
-93.95,6.00,41.35
-48.44,-130.21,2.39
-34.44,-24.71,19.73
-81.86,-2.76,-5.80
-111.11,82.61,4.10
-60.12,-9.29,10.65
-87.04,-8.50,8.77
-65.43,-4.92,15.96
-71.69,-2.22,-11.63
-69.74,-13.52,6.59
-85.31,19.67,24.13
-42.48,23.85,-87.11
-99.20,108.37,3.62
-52.29,-50.34,12.58
-60.51,-63.51,-8.22
-75.79,13.48,9.90
-77.67,-13.96,8.72
-72.82,7.95,22.26
-67.31,10.11,7.66
-81.00,7.39,6.59
-73.86,-2.80,10.53
-80.85,11.17,5.71
-84.97,2.07,28.37
-76.90,-2.59,32.56
-61.41,-41.22,25.28
-59.57,-26.32,22.52
-50.07,-20.69,39.17
-41.43,-58.04,27.39
-42.00,-57.56,24.25
-40.53,-54.91,25.69
-41.70,-51.22,22.83
-53.06,-24.11,30.21
-72.90,-29.55,21.84
-80.89,-24.86,27.77
-62.81,2.05,20.51
-66.62,11.82,41.91
-69.51,32.79,20.32
-57.90,21.30,20.05
-73.23,10.13,18.04
-81.48,10.76,0.34
-69.57,30.65,-5.36
-75.79,26.91,2.87
-69.76,19.08,17.99
-60.14,26.37,14.65
-81.12,4.77,21.32
-77.78,26.49,6.72
-65.58,8.16,16.74
-72.50,-16.41,17.22
-71.41,-7.43,19.69
-75.91,-15.59,17.14
-63.25,-25.49,9.90
-83.26,-37.81,-4.87
-48.57,-35.13,4.85
-51.95,-36.81,25.34
-74.11,-36.03,16.63
-100.02,-51.33,-18.2
-74.91,-10.11,-9.42
-70.12,-5.88,1.86
-53.48,-25.19,1.74
-80.56,-15.96,11.49
-90.46,-34.07,-3.93
-97.70,-18.69,-1.61
-58.52,-11.95,4.23
-59.40,-18.25,17.76
-83.59,-46.64,12.05
-63.63,13.91,-29.94
-73.40,-15.67,-11.95
-69.80,3.10,1.97
-72.59,-15.28,5.08
-102.76,-35.01,-16.8
-61.96,-10.04,-19.54
-92.59,-22.14,-11.57
-97.91,-0.57,-10.48
-69.82,24.42,-5.44
-59.70,22.45,13.04
-59.68,13.43,73.32
-49.21,36.20,26.83
-52.71,55.91,16.15
-53.92,33.44,13.33
-52.48,38.33,-4.73
-63.21,52.23,-7.83
-84.45,58.38,-26.60
-64.15,48.75,-31.09
-59.40,39.97,-18.58
-68.93,17.77,-23.67
-68.67,40.09,-18.60
-72.21,26.36,-26.13
-67.23,62.94,14.48
-71.54,1.40,16.47
-64.84,12.68,29.82
-69.76,30.19,19.38
-54.93,25.09,29.94
-61.16,36.22,28.79
-65.05,2.99,28.29
-60.35,-13.14,37.69
-52.19,-24.29,22.54
-49.49,-33.71,32.85
-82.96,-19.63,29.50
-74.74,-1.93,5.21
-62.96,19.12,6.74
-75.98,27.75,11.24
-73.32,23.69,2.01
-73.95,37.92,3.93
-80.43,29.40,2.70
-93.89,76.37,-23.46
-93.70,13.79,-37.47
-54.17,-13.47,-40.40
-48.08,-22.87,-27.60
-72.10,-32.35,-2.66
-59.26,-17.93,29.04
-83.11,36.01,8.75
-113.22,29.69,2.09
-50.05,48.90,23.77
-52.56,29.32,22.07
-40.84,5.48,6.49
-98.76,30.99,14.98
-85.81,26.66,-48.54
-38.50,16.34,-6.88
-107.28,16.19,7.64
-108.28,17.64,26.99
-73.24,32.06,20.82
-42.96,5.27,4.06
-54.22,-5.98,15.92
-84.60,21.91,4.56
-91.21,25.80,-1.15
-50.32,24.92,-31.89
-64.84,7.83,-8.01
-84.76,9.65,2.74
-98.60,7.20,18.43
-72.82,-14.02,44.80
-45.41,20.51,27.49
-54.93,-9.37,21.17
-68.46,17.64,26.11
-103.60,30.53,23.50
-83.59,37.92,-4.35
-75.01,26.16,4.92
-79.35,-2.32,0.10
-75.68,-4.04,7.49
-92.48,-47.41,-24.98
-67.65,-47.96,14.75
-21.51,-35.61,18.52
-52.50,10.21,57.71
-32.68,-17.39,39.55
-57.65,-54.22,44.63
-67.79,-21.32,14.42
-54.09,-40.05,15.80
-79.99,-40.68,-34.36
-58.27,-33.67,-15.40
-63.15,-37.87,-30.49
-61.98,-37.06,-16.45
-69.38,-25.13,-6.47
-77.09,-3.66,-14.21
-51.95,-38.17,7.76
-30.40,-39.90,31.57
-49.26,-47.88,22.39
-28.10,-46.31,21.15
-39.86,-53.32,32.06
-54.44,-47.62,25.69
-33.08,-44.51,21.28
-31.60,-70.93,47.83
-27.05,-60.60,60.62
-8.93,-57.00,32.35
-6.03,-45.84,43.80
-65.26,-31.01,62.06
-61.87,-7.20,57.33
-36.49,-23.81,63.67
-27.22,-35.20,55.11
-10.59,-50.72,55.95
-17.32,-41.03,71.29
-2.74,-29.29,50.11
-23.66,-21.18,67.21
-23.43,-17.37,60.58
-22.74,-29.11,56.10
-30.84,-21.72,62.31
-34.78,-11.22,50.07
-40.97,-20.38,72.08
-28.85,-25.55,59.61
-34.42,-20.21,57.71
-25.99,-22.97,58.06
-29.23,-10.59,55.62
-35.55,-24.69,62.52
-30.32,-11.63,58.86
-37.94,-10.75,57.29
-41.14,-7.36,46.52
-50.55,-19.79,53.75
-54.44,-13.96,47.06
-60.37,-13.64,45.93
-59.05,-13.31,44.11
-61.29,-1.70,44.17
-61.35,4.10,44.76
-47.20,4.62,49.42
-53.29,14.98,52.63
-45.85,10.75,56.73
-45.45,10.02,52.90
-47.90,13.43,53.52
-49.57,18.48,50.24
-48.78,21.89,53.23
-34.80,26.32,49.57
-31.01,27.70,50.60
-61.16,66.00,38.46
-63.05,14.21,30.00
-60.37,1.40,16.32
-87.94,2.47,6.97
-83.82,16.84,0.06
-78.99,19.17,2.43
-74.55,10.61,8.24
-83.05,-20.44,28.92
-53.65,-4.23,35.74
-56.41,10.92,23.85
-87.90,15.53,18.18
-64.72,10.55,2.32
-67.73,22.41,3.81
-105.75,34.57,25.15
-67.42,31.51,-1.44
-72.75,3.75,-9.71
-69.59,-1.32,-5.21
-117.87,26.11,50.53
-51.68,26.03,-8.03
-61.20,-21.03,28.46
-64.45,4.58,20.78
-122.36,-25.84,12.72
-69.57,27.41,4.83
-72.77,11.59,-11.15
-66.22,-1.65,-9.69
-93.16,-2.91,6.59
-63.73,17.79,24.04
-57.27,-20.40,16.61
-69.13,-12.85,32.06
-62.29,22.07,-33.27
-111.36,6.76,-2.60
-66.02,-3.64,-20.82
-69.68,-3.20,-22.30
-78.84,13.10,-5.44
-80.27,18.71,-17.85
-49.46,3.37,-0.27
-65.51,34.76,15.84
-58.09,49.19,-1.70
-56.77,69.62,-5.71
-56.50,61.12,-11.95
-40.32,62.12,6.68
-18.08,59.49,7.57
-23.92,75.06,-1.72
-36.43,76.67,-11.95
-25.30,98.05,-41.62
-23.66,78.47,-14.37
-8.56,34.82,13.73
-73.67,50.41,-2.83
-69.66,78.63,-3.54
-74.82,57.94,-5.59
-68.88,44.82,-2.18
-65.30,42.06,-1.05
-67.10,46.54,-2.13
-64.99,42.39,3.20
-64.57,46.31,2.83
-63.05,45.30,2.18
-62.42,46.41,2.20
-62.33,44.72,1.15
-64.20,48.15,1.74
-64.20,48.82,1.13
-65.10,47.77,0.36
-62.06,47.96,0.08
-61.71,47.39,0.10
-58.52,53.59,-2.43
-62.12,43.59,2.24
-60.32,47.94,1.69
-61.43,48.08,-0.61
-61.01,47.92,-0.82
-61.29,49.03,-2.91
-62.42,48.56,-1.02
-61.94,55.81,-5.98
-62.56,49.63,3.26
-59.82,47.75,-1.36
-61.10,49.46,-1.72
-60.81,49.53,-2.03
-61.45,49.15,-2.66
-62.35,49.15,-2.47
-62.25,49.84,-4.39
-62.14,47.08,-2.95
-60.97,47.58,-4.79
-62.35,49.86,-5.27
-63.09,49.00,-1.80
-61.66,47.46,-3.74
-62.69,47.94,-2.85
-59.74,49.32,-1.88
-60.49,46.43,-2.82
-61.41,48.29,-2.45
-62.54,47.85,-2.16
-61.20,55.24,1.82
-64.72,48.11,9.40
-59.03,47.60,-0.36
-57.81,51.24,1.30
-60.26,46.45,5.04
-61.16,49.90,8.27
-60.35,50.83,8.01
-59.24,50.82,4.12
-58.02,53.29,2.18
-62.77,54.95,2.80
-57.33,53.34,2.49
-58.55,46.60,2.22
-58.57,47.94,-0.94
-62.12,50.72,0.67
-62.81,50.16,-1.34
-62.06,49.80,-2.36
-61.75,49.09,-0.46
-61.92,48.13,-0.96
-60.55,47.31,-2.15
-64.18,48.78,-2.03
-6.80,7.11,-1.72
-6.82,6.87,-1.65
-7.22,6.79,-1.88
-7.09,6.90,-1.90
-7.15,6.45,-1.73
-7.06,6.79,-1.92
-7.00,6.46,-2.15
-7.97,5.85,-1.12
-8.23,6.38,-1.92
-8.73,4.53,-0.64
-8.36,5.37,-0.58
-8.10,3.61,0.56
-9.38,1.57,6.98
-9.33,2.99,1.14
-8.29,0.59,1.28
-8.83,-2.08,0.16
-10.33,2.00,-2.51
-11.49,-0.29,-1.76
-10.86,-0.29,-0.83
-9.73,-1.18,-1.04
-12.10,4.28,-0.11
-8.91,4.66,-0.28
-9.61,1.27,2.31
-6.31,0.30,2.15
-6.85,-0.16,2.48
-9.99,1.01,0.85
-7.25,4.54,-1.12
-9.43,2.95,0.92
-8.40,1.30,0.07
-12.06,1.42,0.29
-8.32,-0.16,-1.54
-8.35,0.15,-1.20
-8.82,-0.33,0.69
-11.04,0.19,1.89
-12.83,-0.34,0.41
-7.64,0.73,-1.09
-7.23,-0.06,0.75
-8.96,1.50,0.14
-8.04,-1.37,7.30
-8.49,-1.11,1.73
-8.79,-3.47,-3.22
-7.35,0.16,-2.02
-10.29,-0.68,0.06
-10.38,-2.14,0.10
-14.15,-1.69,1.79
-6.86,-1.23,1.50
-7.56,-0.67,1.27
-8.43,-1.42,1.77
-8.40,-1.48,1.63
-11.81,0.41,0.29
-7.66,-4.12,-0.21
-11.42,-1.10,-1.24
-9.46,-3.96,0.56
-9.72,-2.25,-0.78
-9.21,-1.79,-1.12
-8.99,-3.39,-0.11
-11.26,-3.61,1.24
-11.16,-0.45,0.09
-9.43,0.35,1.61
-9.36,-0.12,2.36
-8.63,-1.16,1.88
-7.62,0.22,1.10
-10.60,0.64,3.08
-10.01,-0.58,3.57
-10.48,0.87,0.45
-6.29,1.88,-0.45
-7.38,1.73,-0.23
-13.14,-9.92,17.90
-17.54,5.05,-7.51
-11.66,-1.61,2.86
-9.12,1.31,1.75
-10.41,1.04,-12.92
-7.89,-1.62,0.10
-9.89,-2.24,1.75
-12.48,-2.07,-0.22
-7.07,-1.19,-5.16
-7.36,-0.51,-3.40
-9.12,-3.13,-0.96
-8.98,-4.24,0.63
-11.98,-0.12,3.74
-8.12,-2.96,3.06
-6.37,-3.92,4.42
-6.69,-3.78,4.67
-8.96,-5.93,5.94
-5.45,-4.84,4.17
-5.86,-3.35,3.62
-8.10,-3.01,3.93
-7.65,-8.27,6.02
-5.58,-9.47,0.34
-4.94,0.39,1.81
-9.09,-3.81,5.39
-7.76,-2.74,6.03
-4.30,-4.98,6.30
-1.30,-4.30,5.04
-1.49,-3.85,4.79
-2.55,-5.11,8.27
-3.21,-4.07,6.72
-4.54,-7.13,4.28
-4.77,-8.51,2.36
-4.53,-6.97,2.47
-6.82,-6.38,3.85
-5.55,-4.09,4.08
-8.39,-2.49,6.56
-6.64,-6.66,8.57
-0.56,-1.00,3.20
1.10,7.51,7.87
0.08,5.66,6.59
-1.67,6.67,6.37
-0.91,6.61,1.98
-4.11,5.89,5.87
-1.40,0.68,-28.47
0.57,4.77,6.19
-4.73,21.62,-5.74
-5.80,4.53,8.46
-5.78,9.80,-1.95
-5.01,9.65,-4.65
-4.10,3.02,5.57
-18.97,18.95,6.54
-7.11,11.59,5.05
-3.73,8.71,1.27
-3.48,4.81,4.01
-2.26,3.96,3.29
-3.05,7.01,6.56
-6.54,5.01,6.23
-5.21,5.33,5.99
-4.63,5.24,5.09
-5.17,4.13,7.18
-2.62,4.09,6.11
-4.89,5.67,4.13
-8.04,3.67,3.46
-8.72,7.25,4.39
-7.09,3.06,4.28
-7.45,4.14,4.37
-7.70,2.42,5.61
-7.17,2.24,5.75
-6.53,1.13,7.58
-7.19,-1.48,6.73
-5.13,-1.82,6.63
-4.21,-4.41,7.01
-3.41,-5.38,7.24
-1.76,-8.76,10.00
-1.47,0.09,8.64
4.33,3.60,5.13
5.93,7.87,-1.57
1.20,2.84,-5.02
1.81,17.64,-1.81
-2.85,15.55,3.84
-10.42,14.31,-3.14
-12.78,12.63,10.58
-5.01,11.01,-0.47
-4.01,4.66,1.00
-2.26,2.38,5.96
-6.44,5.54,7.96
-4.61,6.84,4.96
-4.70,4.26,5.28
-6.57,2.77,7.31
-5.58,2.73,7.29
-8.36,4.89,5.45
-9.52,3.07,6.68
-7.12,5.24,5.67
-7.86,1.03,6.34
-5.88,1.95,4.07
-7.92,3.09,6.18
-9.25,0.68,6.04
-6.71,-0.59,6.40
-4.54,-2.24,6.48
-2.61,-1.51,5.93
-4.92,-3.36,8.43
-4.24,-6.25,6.35
-4.72,-7.02,6.32
-3.93,-6.98,6.41
-1.48,-6.79,5.78
1.08,-6.85,4.75
2.34,-6.40,4.18
2.01,-7.13,5.87
1.66,-6.59,3.17
1.51,-10.01,0.98
2.05,-11.29,0.81
1.39,-10.81,2.16
1.18,-9.04,4.16
1.05,-9.98,4.71
2.99,-9.18,3.92
3.52,5.83,8.64
1.61,4.42,8.17
1.31,2.95,9.21
1.38,0.35,10.07
0.14,-2.79,9.83
-2.37,9.10,7.75
-0.95,1.84,6.89
2.81,3.92,-5.28
0.86,33.23,-12.54
-2.15,10.46,0.27
6.65,-0.99,-10.66
-6.07,9.90,3.01
-7.53,10.79,1.05
-4.47,8.82,2.88
-2.61,5.17,4.85
-2.49,4.31,4.60
-2.73,4.84,7.42
-4.62,5.74,6.38
-5.00,5.32,5.70
-5.70,5.15,5.51
-5.40,5.34,5.56
-5.93,3.64,5.72
-5.31,5.60,3.61
-6.23,6.68,6.27
-7.94,4.22,8.96
-6.33,1.76,5.87
-6.42,2.39,4.83
-7.64,0.55,6.20
-7.10,-2.14,7.36
-5.41,-2.41,6.23
-4.70,-3.48,5.83
-4.16,-5.11,4.41
-4.62,-6.71,2.13
-5.65,-9.70,1.36
-7.87,-8.78,2.93
-9.46,-3.67,0.13
-5.30,-7.84,0.46
-6.08,-7.58,-0.31
-2.07,-8.25,0.26
-2.76,-7.85,2.59
-1.99,-8.64,4.51
-5.60,-6.89,7.27
-7.18,-6.31,7.62
-2.49,-8.36,6.22
0.01,-2.41,9.69
0.40,3.97,5.08
-2.28,2.13,11.56
-1.13,3.26,7.94
-2.50,5.29,6.38
-3.90,5.69,6.25
-2.02,7.59,0.75
4.47,10.38,0.02
1.07,9.81,7.05
0.60,3.79,2.15
-1.15,6.51,5.96
-2.58,8.48,5.11
-3.77,8.62,5.23
-3.54,9.55,4.11
3.13,9.12,5.19
1.47,4.46,5.76
-2.73,6.38,6.09
-2.15,3.28,7.14
-2.17,4.76,6.18
-2.38,-0.06,9.10
-4.76,0.33,10.19
-7.22,2.59,7.22
-0.80,0.88,10.66
-3.28,8.56,7.36
-0.55,0.75,6.88
-3.20,1.54,8.86
-1.73,-5.64,13.88
2.50,-2.96,5.01
3.70,-2.93,7.52
3.09,-4.50,7.72
5.48,-4.70,5.14
4.41,0.60,7.79
2.49,1.98,6.23
3.00,-0.40,3.87
3.00,7.23,2.14
-1.37,10.74,3.69
-12.01,34.86,2.34
-7.92,2.98,3.19
-10.98,6.22,5.19
-5.65,5.05,2.99
-4.27,3.42,1.34
-6.50,6.65,4.19
-6.41,7.69,6.05
-3.43,6.39,6.29
-1.54,0.89,5.99
-4.08,0.29,7.39
-7.57,0.63,8.60
-6.44,4.20,6.80
-5.17,3.84,5.87
-5.01,3.93,5.51
-5.81,3.86,7.47
-4.56,5.66,6.06
-5.41,5.05,5.39
-6.79,6.07,5.01
-6.53,4.75,5.28
-7.28,3.92,4.60
-8.04,4.26,4.47
-8.14,3.65,4.76
-7.88,1.02,5.08
-7.55,-1.20,7.73
-5.48,-1.14,6.71
-5.22,-3.08,7.33
-4.20,-4.89,6.79
-2.87,-5.65,5.17
-1.61,-6.94,5.15
-1.28,-8.24,4.64
-1.01,-8.15,5.56
0.07,-9.59,7.05
0.57,-7.82,8.85
2.39,-1.07,6.25
3.46,1.12,7.75
5.48,-2.65,6.33
2.25,12.60,1.32
-1.16,1.69,15.92
2.07,2.08,8.20
5.72,-4.47,3.05
2.88,-1.20,11.07
-1.38,-3.89,9.62
-4.74,3.16,14.23
-4.97,0.80,10.58
-2.28,-3.72,6.27
-1.66,4.82,4.07
-1.24,6.36,3.39
-0.65,4.20,5.21
0.93,12.35,-1.31
-4.71,9.04,1.85
-10.72,10.08,2.93
-1.99,0.94,4.07
-2.92,10.03,-1.47
-10.27,16.75,2.68
-4.92,11.08,3.81
-3.58,6.79,4.83
-5.17,5.71,6.31
-2.80,5.15,6.25
-5.95,6.61,7.04
-4.08,3.38,5.82
-2.19,6.44,6.03
-2.61,6.34,6.23
-2.97,7.19,6.15
-2.30,7.06,5.64
-2.97,4.83,6.08
-4.18,5.38,5.77
-5.65,4.66,3.96
-9.47,3.85,4.74
-10.69,6.96,5.73
-9.14,4.17,4.50
-8.15,4.01,3.51
-7.54,2.45,4.25
-8.02,-0.13,5.03
-7.93,-0.50,6.17
-7.50,-3.31,4.87
-5.93,-7.72,3.98
-5.82,-8.81,3.48
-4.44,-7.14,4.17
-2.10,-6.57,3.83
1.18,-7.26,3.74
1.92,-7.68,3.27
1.71,-7.06,3.35
1.51,-7.96,4.80
-0.04,-7.27,3.56
-0.01,-9.96,2.99
1.15,-10.44,2.44
0.31,-8.67,5.55
-0.61,-7.23,4.85
-1.51,-3.54,5.83
-3.69,-5.67,7.72
-4.04,-8.76,6.72
-1.34,-9.71,4.21
1.22,-9.51,3.99
1.39,-8.07,4.28
1.96,-4.77,6.12
3.73,-2.68,3.45
3.03,5.67,-1.44
-2.14,-1.91,14.35
1.93,-1.73,8.62
6.07,-7.43,6.90
4.90,-2.04,6.61
2.72,-4.47,10.33
2.08,-1.64,9.10
4.62,4.07,3.43
2.49,6.71,9.63
7.74,-1.79,2.36
7.19,5.03,-2.79
2.01,12.10,-2.46
-2.65,10.82,-0.84
-5.71,11.89,3.45
-7.12,11.55,6.18
-4.45,9.89,0.22
-5.51,9.14,1.06
-3.54,9.89,2.76
1.65,7.04,-0.02
-21.30,26.23,-9.78
-2.35,6.12,4.36
-1.79,7.36,3.80
-2.48,7.50,5.27
-3.12,5.61,5.92
-2.88,4.13,6.93
-5.52,5.50,7.97
-4.65,3.81,5.80
-4.70,3.73,6.81
-4.81,3.89,5.19
-4.24,5.35,7.14
-2.48,4.05,5.01
-3.91,5.77,5.13
-6.40,5.42,4.16
-7.65,5.32,4.19
-9.56,2.33,4.48
-9.74,4.22,4.15
-8.73,2.69,3.73
-7.90,3.34,3.31
-7.49,1.34,4.47
-8.58,1.42,5.26
-8.23,0.41,6.53
-6.68,-1.04,7.33
-3.85,-2.51,6.23
-1.79,-4.26,5.89
-1.19,-7.70,6.28
-1.20,-6.57,5.68
-5.95,-5.90,7.40
-5.12,-1.54,8.60
-1.91,-2.21,8.81
-1.46,-3.06,10.90
1.49,5.57,7.87
3.00,0.17,5.19
4.24,5.41,6.06
1.32,8.34,1.74
4.25,2.67,-0.40
7.83,7.18,-2.82
-9.68,12.26,0.79
-9.89,11.87,-1.10
-6.63,4.53,-0.39
-5.11,5.99,-0.12
-5.06,8.21,-1.07
0.42,2.81,-2.58
-1.97,9.62,-1.18
-3.28,3.86,6.50
-3.46,7.18,4.73
-0.94,2.54,6.11
-1.51,1.18,8.24
-5.55,2.25,7.19
-4.65,5.89,7.72
-3.87,7.58,5.86
-2.72,5.22,4.49
-3.90,4.95,6.18
-4.19,5.55,5.28
-4.74,7.17,3.73
-10.52,4.25,3.61
-10.55,1.22,4.82
-9.29,2.61,4.57
-8.36,2.13,2.31
-8.73,1.22,2.61
-8.98,0.06,4.53
-10.09,0.14,5.59
-7.87,-1.78,5.74
-5.34,-2.94,6.16
-2.92,-6.00,4.98
-2.84,-5.23,6.51
-4.34,-3.00,8.24
-4.67,-0.28,8.68
-2.72,-6.76,9.01
-1.73,2.60,8.94
0.16,9.14,1.44
-1.63,3.06,12.25
-2.33,4.92,6.56
-1.95,5.46,7.18
-2.62,5.08,6.96
-4.41,10.04,6.99
-0.58,10.71,2.61
3.89,8.15,4.81
-0.21,5.88,9.79
-0.55,6.20,4.42
-1.59,9.31,5.90
-0.27,2.86,6.31
-2.02,4.90,6.67
-2.27,10.38,3.85
-1.21,10.17,8.17
1.03,-0.05,7.90
-0.40,5.24,6.36
0.04,5.25,5.61
-0.95,11.19,5.72
5.21,10.38,6.12
1.29,4.99,6.88
-2.55,6.93,5.20
-0.07,3.81,5.17
-1.22,8.31,5.14
-3.08,17.39,7.21
1.81,15.35,6.33
2.35,6.68,2.84
0.88,7.55,5.60
2.58,2.01,3.40
0.07,6.67,4.48
0.98,10.44,3.44
3.32,0.52,6.33
-2.31,8.23,8.84
0.11,7.44,6.58
-2.09,7.03,3.20
-0.98,5.17,4.76
-0.88,7.49,4.42
0.51,12.84,1.77
8.38,15.00,12.95
2.58,7.63,7.90
3.34,7.06,2.80
-0.14,7.19,3.54
0.12,6.12,4.40
-0.55,6.26,5.97
-2.14,9.55,6.56
2.55,4.82,7.21
1.47,13.20,6.39
0.63,6.23,5.96
-1.73,6.03,4.95
-0.39,5.96,5.33
-1.52,8.53,6.94
-0.98,5.07,6.65
-0.73,3.93,7.29
0.19,5.49,5.73
-0.53,7.37,5.41
-3.67,11.55,7.23
-1.25,11.89,2.63
-2.13,11.21,1.57
2.40,9.61,2.13
1.79,8.95,2.84
-0.73,6.49,4.07
-0.19,7.38,5.28
-0.93,7.44,4.55
-0.48,11.09,4.71
4.61,10.87,1.43
1.95,8.97,0.74
1.59,4.96,5.93
0.84,5.75,3.72
0.06,8.15,3.41
1.54,11.63,5.66
4.24,5.30,1.38
-0.83,8.84,3.16
-1.40,6.19,6.81
-1.78,6.55,6.75
-2.69,4.19,11.13
-2.39,-0.50,10.06
2.26,5.59,5.30
4.92,0.69,7.66
5.49,-0.57,6.02
7.36,-2.34,4.13
5.21,3.23,8.31
2.47,1.39,10.20
1.06,1.85,10.67
5.94,0.00,5.23
1.75,0.34,9.07
1.26,3.86,7.92
4.61,2.40,-2.06
-0.38,7.73,0.31
-0.49,21.76,-8.32
-9.07,5.24,6.38
-3.77,10.38,3.29
-5.53,9.13,1.08
-3.56,7.17,0.80
-6.94,12.58,3.77
-8.66,11.35,4.34
-6.12,7.92,6.13
-2.52,5.92,3.71
-4.25,3.85,6.83
-4.26,6.84,5.46
-3.83,3.93,5.09
-2.13,6.29,4.48
-2.15,7.07,4.82
-3.11,5.89,6.14
-3.16,7.68,5.06
-4.28,5.67,6.26
-4.11,4.66,5.10
-5.47,4.96,3.24
-9.60,0.33,3.74
-12.01,4.02,5.00
-7.56,0.76,3.39
-7.19,0.28,3.77
-7.83,-1.74,5.72
-8.00,-1.05,6.19
-6.17,-1.28,7.22
-4.10,-3.41,5.93
-3.63,-5.55,6.04
-2.92,-6.90,6.45
-2.40,-8.27,7.23
-4.84,-8.99,8.20
-3.25,-3.56,5.43
2.83,4.36,9.08
5.66,7.03,6.46
7.70,-0.47,-1.77
3.73,1.58,-6.26
4.43,0.18,-5.21
-2.48,20.60,4.23
-7.49,14.37,0.47
-9.92,12.53,2.30
-6.80,9.33,3.96
-4.64,6.11,3.67
-3.29,5.87,4.05
-3.31,4.61,6.43
-6.57,2.29,7.41
-3.70,7.52,3.26
-4.54,6.31,5.22
-4.98,1.92,6.88
-5.50,5.91,3.47
-4.38,6.39,7.32
-3.74,5.84,5.13
-6.26,6.71,3.83
-7.50,3.97,4.60
-7.68,1.98,6.86
-6.84,3.82,2.25
-8.72,1.51,4.30
-6.41,2.01,4.11
-7.15,1.10,5.95
-7.26,0.29,6.31
-5.19,-1.81,6.92
-4.84,-2.76,6.87
-4.10,-5.17,5.92
-4.26,-6.80,6.08
-3.22,-8.34,6.95
-3.48,-7.93,5.98
2.09,-6.92,8.34
2.41,1.42,4.78
3.29,5.09,8.18
3.46,5.06,5.16
-3.88,11.03,8.50
-4.53,4.61,13.61
3.44,-0.61,5.58
8.32,0.07,-0.53
5.75,2.73,1.77
8.20,1.27,-0.42
-10.32,27.46,-8.61
-4.05,6.35,4.82
0.82,14.04,-1.27
-4.27,10.86,2.09
-4.24,7.17,2.58
-4.42,4.78,5.68
-3.53,4.96,5.42
-1.48,7.00,4.38
0.27,6.87,5.85
-0.33,3.54,6.41
0.01,6.29,5.75
-1.59,8.87,5.87
-4.18,8.49,4.36
-5.34,5.40,3.11
-10.16,6.31,3.49
-10.40,4.17,4.70
-9.25,4.87,2.23
-7.37,1.13,2.94
-7.03,-1.22,5.26
-6.91,-2.15,6.57
-6.84,-2.80,5.33
-6.54,-5.22,4.07
-7.00,-5.73,3.86
-6.53,-6.02,3.06
-6.19,-5.69,3.98
-6.19,-4.64,5.13
-5.49,-3.83,6.35
-6.33,0.33,4.97
-4.74,-2.36,5.02
-4.29,-5.09,3.65
-10.92,-5.55,0.40
-9.09,-8.02,1.55
-8.49,-4.22,-1.21
-7.70,-1.88,-5.64
-5.58,-8.03,8.18
-3.16,-1.85,5.75
-1.08,-1.41,7.48
-4.50,-0.85,7.37
-5.36,-0.66,6.96
-6.23,-1.31,6.68
-6.91,-0.90,6.63
-6.40,-0.84,6.35
-6.36,-0.49,6.44
-6.72,-0.62,6.20
-6.99,-0.99,6.02
-6.79,-0.80,6.11
-6.42,-0.11,6.58
-5.95,0.20,6.86
-5.65,-0.21,6.90
-6.07,-0.18,6.42
-6.08,-0.04,6.55
-6.92,0.93,6.91
-6.53,0.44,6.27
-6.36,0.52,6.51
-6.26,0.52,6.67
-6.95,0.50,6.23
-5.66,-0.14,6.35
-6.66,0.27,6.28
-7.20,0.76,6.58
-6.70,1.24,6.27
-6.53,0.92,6.52
-6.82,0.91,6.33
-6.41,0.67,6.49
-6.01,0.41,6.10
-6.63,0.60,6.39
-6.81,1.15,5.95
-6.85,1.70,6.59
-7.38,1.15,5.83
-5.82,-0.11,6.15
-6.90,0.37,6.43
-6.87,0.32,6.03
-7.17,0.89,6.48
-6.34,1.72,6.51
-5.65,1.30,6.25
-6.51,1.49,6.58
-6.64,1.37,6.12
-6.42,0.77,6.27
-6.84,1.05,5.39
-7.89,1.16,4.94
-8.62,0.71,4.52
-9.94,1.03,3.96
-8.98,1.26,4.83
-8.59,1.11,4.97
-6.01,-1.81,3.75
-7.79,-2.16,5.04
-8.24,-2.26,4.60
-8.03,-1.20,4.10
-8.12,-0.57,2.05
-8.94,1.39,1.57
-10.12,0.19,1.38
-9.79,-0.26,1.53
-9.55,-0.72,1.70
-9.62,-0.08,1.54
-9.39,-0.16,2.79
-9.30,-0.39,4.37
-7.63,0.80,5.11
-6.05,1.38,5.98
-5.74,0.68,6.44
-5.53,1.27,6.90
-6.17,0.76,6.81
-6.07,0.92,6.80
-6.10,0.56,6.90
-5.98,0.91,6.83
-6.16,1.46,7.04
-6.23,1.31,6.99
-6.00,0.83,6.50
-6.28,1.15,6.98
-6.19,1.06,6.60
-6.26,1.03,6.83
-6.17,1.01,6.67
-6.13,1.48,6.65
-6.15,1.43,6.78
-6.14,1.25,6.68
-6.03,1.47,6.79
-5.98,1.49,6.74
-5.98,1.81,6.71
-6.04,1.81,6.64
-6.05,1.61,6.56
-6.04,2.00,6.71
-5.72,1.90,6.78
-6.01,1.88,6.62
-6.03,1.82,6.66
-6.00,1.75,6.62
-5.24,1.14,6.16
-8.25,0.71,7.26
-13.62,4.70,4.84
-8.08,-0.29,5.26
-7.02,-2.38,4.67
-6.18,-4.27,5.16
-6.29,-4.44,4.79
-6.22,-4.55,3.78
-5.77,-5.05,4.04
-7.90,-4.61,4.45
-10.02,-2.51,3.59
-8.28,-3.26,2.48
-9.17,-2.63,3.49
-8.61,-3.17,2.36
-8.41,-3.08,3.30
-11.14,-3.94,6.23
-8.91,-1.18,7.15
-5.86,-2.35,6.70
-4.98,-4.82,5.11
-5.20,-5.57,4.92
-4.93,-5.49,4.07
-6.21,-5.45,4.40
-5.93,-4.47,4.65
-7.85,-3.73,4.71
-7.04,-5.93,5.73
-7.46,-3.98,3.88
-5.62,-4.33,5.76
-5.74,-3.47,5.24
-6.25,-2.27,6.08
-6.76,-2.70,6.91
-7.01,-1.46,6.59
-0.34,-2.16,13.93
-8.25,1.13,4.91
-6.14,-0.95,7.36
-5.67,-0.79,5.23
-5.47,-1.59,7.41
-7.31,-4.79,6.82
-6.62,-1.25,5.65
-5.39,-1.46,5.89
-11.44,1.73,11.17
-6.15,-2.08,5.09
-6.43,-0.02,4.84
-6.89,-3.18,6.26
-12.30,1.75,8.84
-7.90,3.27,5.20
-6.38,-2.35,4.75
-6.28,-2.25,6.39
-12.56,8.28,5.19
-6.99,1.41,5.33
-6.32,-1.88,4.90
-6.48,-2.80,2.80
-4.87,-3.71,5.50
-6.28,-1.87,5.27
-6.03,-2.23,5.51
-6.47,-1.19,3.04
-7.38,-0.93,7.14
-5.25,-3.20,4.43
-5.26,-2.15,5.82
-10.89,-0.09,7.08
-6.54,1.19,5.05
-5.36,-2.88,5.03
-6.25,-3.77,5.60
-7.33,-1.78,6.40
-4.95,-6.60,7.21
-6.78,1.01,3.78
-6.10,-3.21,5.09
-6.24,-2.74,6.43
-11.30,4.34,4.44
-6.27,1.80,5.43
-5.65,-1.79,4.08
-5.62,-2.85,6.11
-7.57,2.29,2.94
-7.81,-0.63,6.12
-5.81,-1.21,3.99
-6.08,-0.89,5.09
-8.11,0.14,7.13
-6.81,-0.68,6.15
-5.97,-2.17,6.53
-5.92,-1.25,5.99
-6.97,-0.77,6.76
-7.62,0.49,7.67
-3.90,6.16,2.06
-7.75,1.89,8.06
-2.58,1.17,5.68
-0.62,-1.02,7.55
-3.20,4.78,7.41
-1.98,1.73,5.99
-4.55,5.63,8.96
-3.53,2.13,6.18
-1.10,2.05,6.67
-6.12,14.99,-2.82
-3.13,5.26,8.34
-2.10,4.18,6.20
-1.73,2.84,7.13
-5.68,11.43,10.53
-2.23,2.66,5.43
-2.33,4.97,6.01
-3.20,4.30,3.87
-8.92,4.71,10.46
-3.64,5.28,6.21
-6.06,6.82,4.53
-5.21,4.56,8.54
-2.99,4.19,6.33
-5.06,5.74,5.83
-4.07,2.59,8.62
-3.17,2.92,6.21
-2.26,1.11,7.77
-5.99,13.29,9.21
-3.64,1.69,6.70
-2.65,1.81,6.64
-2.86,10.61,4.70
-4.66,8.61,4.60
-5.08,4.09,8.30
-4.41,3.08,5.85
-4.96,4.19,7.89
-3.90,3.85,6.41
-3.18,5.83,5.51
-5.03,9.29,9.83
-4.37,6.73,4.95
-3.17,5.66,5.77
-3.80,2.52,6.04
-2.67,4.12,8.94
-3.22,5.98,4.50
-3.23,4.54,5.75
-3.43,3.79,4.98
-4.44,3.74,9.59
-4.34,4.14,5.55
-2.96,4.00,5.77
-5.68,10.79,10.82
-5.06,4.90,4.97
-4.47,5.45,5.57
-5.29,5.70,3.97
-6.31,8.02,6.69
-4.06,4.19,5.63
-2.70,2.98,5.54
-9.65,7.27,6.34
-4.29,3.21,4.74
-4.35,3.74,6.38
-3.43,0.89,5.06
-9.61,5.76,8.83
-3.01,1.70,5.49
-4.43,8.27,4.22
-3.16,1.16,6.03
-7.32,7.51,6.90
-3.50,5.52,6.05
0.20,-2.10,5.38
-14.26,20.17,33.36
-3.33,7.17,7.69
-2.29,7.19,3.84
-6.55,-0.57,5.02
-14.36,-10.27,7.22
-0.66,1.64,3.73
-0.13,-0.96,3.52
-2.76,3.67,4.15
-5.26,4.27,6.11
-8.98,0.07,4.87
-0.57,2.30,4.46
-1.21,3.10,3.99
0.32,0.65,4.13
-2.71,14.33,7.94
-1.60,4.25,3.61
-1.05,3.21,4.55
-4.41,15.01,4.74
-0.40,0.70,4.58
-10.69,12.50,0.03
-4.11,9.97,3.96
-1.82,4.01,5.00
-4.88,15.95,10.23
-2.61,4.97,5.62
-2.15,2.37,4.47
-9.43,5.27,8.40
-2.94,5.53,4.67
-4.55,4.73,3.96
-8.22,6.00,5.89
-2.47,3.55,5.74
-1.25,2.27,6.09
-6.00,8.70,1.94
-6.89,2.61,5.56
-3.01,3.19,4.72
-2.48,3.63,5.74
-7.70,5.63,5.52
-9.28,3.48,7.69
-1.27,0.89,4.98
-3.45,1.26,5.99
-6.35,8.69,6.89
-3.63,2.60,5.47
-2.09,1.76,4.70
-6.37,9.63,7.60
-3.22,1.94,6.17
-2.51,-3.06,5.43
-9.43,24.80,0.87
-5.55,16.26,4.61
-2.22,0.38,6.50
-2.84,-1.23,8.07
-8.34,15.66,5.33
-6.94,7.90,8.93
-2.70,-2.08,6.60
-0.53,-2.49,6.20
-6.48,20.87,2.92
-4.38,4.44,7.70
-2.16,-0.94,6.48
-3.44,0.43,8.08
-6.41,5.61,11.11
-2.09,0.45,7.41
-3.42,0.26,6.14
-4.61,-4.75,8.99
-5.78,-6.06,8.52
-4.19,-4.39,7.46
-0.23,-0.25,1.47
2.59,8.83,6.88
3.96,6.34,3.42
-1.38,2.83,9.64
-4.13,5.53,10.22
-2.84,3.73,7.57
-0.03,3.12,4.89
1.76,7.92,-3.09
0.17,6.62,7.97
1.39,16.87,-1.77
-3.19,6.61,6.51
-5.11,14.77,-0.16
-5.47,10.74,3.37
-0.18,8.72,-0.61
-3.30,12.05,13.23
-3.69,10.30,5.66
-2.73,8.50,4.67
-3.20,8.62,3.32
-7.01,8.08,3.98
-6.10,3.20,6.19
-4.70,5.46,3.11
-3.65,6.45,4.47
-4.75,7.21,5.08
-3.57,5.99,6.46
-3.27,6.00,5.66
-3.57,4.84,6.64
-4.81,6.63,3.91
-5.87,6.38,1.78
-9.32,7.21,1.60
-8.24,8.81,-0.51
-6.65,3.75,2.29
-5.34,3.68,3.44
-7.36,2.46,7.25
-6.77,1.93,8.29
-5.95,2.76,6.36
-4.50,2.49,6.52
-5.23,1.64,7.05
-6.71,0.11,7.42
-5.47,-1.76,8.90
-4.30,-3.27,7.97
-0.92,-3.11,7.36
0.76,-7.22,10.07
2.92,0.91,5.68
4.87,5.81,8.05
5.22,8.34,1.99
-0.12,3.62,6.10
8.37,-4.39,-1.02
-0.31,19.31,-12.69
-2.55,7.35,10.62
-11.20,15.72,4.88
-8.21,8.29,7.84
-5.27,8.58,2.78
-4.63,7.40,5.02
-3.00,4.85,5.26
-4.07,5.21,6.55
-5.13,4.18,7.46
-2.97,6.28,3.47
-1.40,6.81,4.26
-2.40,6.48,7.16
-1.58,3.45,6.94
-2.42,5.47,6.44
-2.85,4.91,5.22
-4.58,4.92,4.52
-6.01,5.76,3.17
-10.87,2.41,3.00
-10.78,2.96,3.43
-9.35,2.30,2.36
-10.43,1.87,2.23
-9.33,-0.53,2.57
-9.58,0.26,3.21
-9.12,-1.03,6.45
-7.35,-2.57,7.21
-4.28,-3.75,5.76
-1.91,-7.27,0.57
-4.18,-13.49,1.94
-3.38,-8.19,2.41
-0.95,-7.49,1.51
-1.28,-8.51,2.14
-0.86,-10.19,1.42
-2.53,-9.90,1.58
-2.76,-7.18,4.52
-3.15,-7.57,6.03
1.36,-10.92,5.73
3.01,-5.91,5.75
7.53,3.05,3.37
4.08,3.57,2.20
7.17,5.24,-2.92
13.04,5.72,-5.17
-4.52,20.87,-0.41
-4.58,9.80,3.89
-11.81,14.20,2.18
-4.76,9.88,-0.55
-7.80,8.55,4.85
-2.08,4.91,3.81
-1.95,2.29,6.63
-2.36,2.03,7.54
-4.69,4.51,7.72
-4.42,3.67,8.46
-3.05,5.60,4.93
-4.04,4.26,6.70
-4.98,3.07,4.05
-4.91,3.89,7.39
-5.11,6.89,4.74
-7.61,4.21,6.34
-8.63,2.40,5.28
-8.44,5.25,5.06
-6.89,3.39,3.06
-8.06,1.43,4.15
-8.25,-0.30,4.64
-8.17,-0.93,5.56
-7.68,-1.07,6.85
-5.74,-1.55,6.27
-4.72,-3.66,5.31
-4.34,-5.83,6.22
-4.53,-6.14,6.30
-4.85,-5.39,6.67
-4.81,-4.09,6.72
-4.73,0.18,4.45
-3.17,-2.20,12.35
-1.58,1.16,10.13
-1.56,-0.05,9.76
-2.55,2.12,8.41
4.59,5.44,-9.36
4.70,12.37,-2.94
0.13,20.78,1.75
-4.05,15.50,3.35
-16.69,27.98,-10.84
-5.14,7.95,3.91
-6.29,10.16,1.92
-3.38,10.53,0.52
-2.66,6.72,5.85
-3.53,4.16,7.87
-4.74,2.84,4.07
-3.37,6.43,3.41
-3.08,6.22,6.36
-2.42,2.08,9.35
-1.93,3.17,6.60
-2.61,4.03,6.21
-6.82,4.72,4.60
-7.97,4.18,1.47
-11.43,2.71,5.23
-9.98,3.93,4.49
-9.77,2.57,2.55
-8.60,1.40,1.85
-8.83,0.71,3.30
-8.56,-0.59,5.63
-11.06,0.21,6.57
-5.55,-1.65,5.75
-3.23,-2.50,5.79
-1.59,-4.27,6.76
-1.39,-5.16,6.05
-1.09,-9.02,6.28
-2.50,-7.07,7.29
-3.02,-2.70,9.66
1.92,-0.15,10.96
5.68,5.70,0.13
5.25,1.34,-9.83
-9.86,36.38,0.56
-3.86,7.43,-0.76
-14.72,16.76,3.86
-6.87,8.89,1.50
-4.05,8.50,3.50
-3.67,3.89,5.04
-0.64,0.28,8.35
-7.72,4.91,9.82
-6.56,4.68,6.35
-3.20,5.44,5.13
-3.91,4.39,6.01
-5.24,4.40,5.99
-6.17,5.74,4.53
-8.02,6.05,3.60
-7.71,4.43,4.41
-7.43,4.14,5.91
-6.29,1.87,3.12
-7.11,1.46,5.32
-6.84,-0.07,7.04
-8.27,0.05,6.58
-4.86,-1.91,6.16
-4.27,-4.37,5.21
-6.34,-7.79,3.55
-6.45,-7.20,2.28
-6.16,-5.66,3.53
-6.27,-6.92,2.43
-3.47,-10.85,5.09
-1.50,-5.52,6.03
-1.60,-8.01,9.15
-0.68,-7.92,6.17
2.06,-1.63,7.18
3.52,-0.71,5.19
3.83,-1.11,9.20
3.73,-0.69,9.17
4.32,-0.16,8.50
6.43,0.26,5.42
5.13,2.81,1.44
5.38,5.16,5.40
6.67,7.34,-36.53
-6.41,17.15,-7.33
-3.97,14.12,-2.91
-8.71,12.87,-0.49
-5.08,6.78,3.07
-4.55,8.28,2.64
-5.91,6.63,5.20
-5.64,5.95,3.27
-2.55,6.01,2.24
-4.23,6.68,7.72
-2.40,4.10,8.42
-2.21,6.87,5.92
-2.56,5.26,5.76
-4.42,5.89,6.27
-5.35,7.45,3.04
-6.62,4.17,2.28
-12.41,0.41,6.74
-8.67,2.93,4.81
-9.04,1.41,4.39
-9.27,0.21,3.07
-8.64,-0.40,3.61
-6.87,-2.53,4.46
-6.85,-2.68,6.66
-5.88,-2.99,6.30
-5.51,-4.53,5.65
-4.01,-5.91,4.91
-3.26,-7.39,4.97
-2.31,-7.25,4.26
-1.08,-9.20,6.41
-1.15,-7.42,8.34
1.47,0.16,8.74
2.14,-1.70,8.78
5.78,2.49,4.68
5.96,4.34,1.91
3.61,3.46,1.83
4.54,-1.20,6.11
1.15,14.10,-3.97
-2.60,15.01,-3.14
-4.49,10.79,0.12
-9.51,9.04,2.99
-6.86,8.23,3.28
-5.58,9.30,2.70
-4.23,6.54,5.55
-3.73,4.52,7.60
-4.41,2.02,5.77
-3.54,2.41,6.07
-3.62,5.08,7.96
-3.06,3.92,7.36
-1.93,4.16,6.18
-3.40,4.36,4.84
-5.38,4.81,4.16
-10.45,1.93,3.96
-8.83,8.17,5.47
-7.39,3.28,3.11
-6.55,0.80,5.28
-5.43,-0.44,6.04
-7.15,0.72,8.23
-5.43,-2.26,7.57
-5.48,-2.87,8.31
-2.83,-4.06,7.13
-2.25,-4.12,7.46
-1.74,-4.91,6.08
1.52,-8.59,4.88
-3.55,2.17,8.82
-5.21,1.32,9.01
-6.58,-0.11,9.42
-5.06,2.30,8.74
-3.81,3.10,5.54
2.17,1.27,5.24
-0.61,5.18,2.64
-15.43,11.60,-1.59
-4.42,9.63,5.64
-4.69,3.60,5.52
-6.21,9.25,2.61
-4.39,5.95,3.18
-7.30,15.21,-4.01
-5.87,7.11,3.41
-5.76,5.85,4.51
-4.69,5.53,5.87
-6.39,2.19,6.12
-6.30,3.11,5.69
-6.52,2.54,4.53
-5.29,4.97,5.64
-5.25,1.95,6.76
-5.90,2.77,0.91
-11.17,6.14,4.11
-7.93,4.90,3.80
-8.00,4.17,3.10
-6.56,3.18,3.22
-7.56,1.72,6.55
-6.73,-0.11,5.77
-4.91,-0.46,6.04
-4.51,-0.08,7.17
-5.66,-0.72,6.86
-5.99,-2.53,6.05
-5.44,-4.27,5.11
-3.96,-6.96,5.92
-3.23,-7.35,5.89
-1.59,-9.00,5.90
-1.66,-5.18,4.14
-2.63,-7.45,7.78
-2.45,-4.02,6.46
-1.53,-5.07,6.56
-1.57,-6.93,7.86
-0.90,-4.37,8.68
0.78,-5.75,6.66
3.82,-5.76,6.74
4.11,-6.80,4.15
-4.20,22.59,2.32
0.73,0.13,9.29
1.21,0.79,7.77
2.55,-0.14,7.47
-0.42,8.77,4.92
-2.43,10.96,5.18
-5.05,18.60,7.18
-8.44,6.42,3.26
-10.16,8.86,4.65
-6.78,6.86,4.97
-3.23,2.68,7.33
-0.78,-0.99,5.31
0.59,-2.29,7.87
1.85,-4.32,8.44
2.66,-1.17,3.59
2.83,1.96,7.65
1.99,-0.13,7.50
0.62,6.55,3.40
1.40,6.42,5.37
-1.52,6.63,4.46
-11.65,11.53,7.28
-8.20,4.66,2.77
-5.70,6.19,2.82
-3.51,4.71,4.12
-3.60,3.75,5.43
-3.36,0.85,8.67
-2.03,-0.13,9.13
-2.21,2.12,9.31
-0.71,-0.61,8.65
-1.73,4.04,8.90
0.57,3.50,5.66
0.05,7.75,6.31
-3.02,9.23,4.28
-7.86,8.45,3.95
-10.32,8.97,4.42
-6.70,6.51,3.68
-7.73,2.71,5.32
-3.61,0.35,5.53
-4.98,6.67,3.56
-2.91,0.89,8.94
-2.14,-2.07,9.53
0.26,-4.41,9.06
0.26,0.46,9.42
2.13,4.21,8.45
5.01,1.13,4.03
0.29,2.35,3.87
4.47,4.88,1.60
5.22,6.58,-2.54
-1.67,18.09,-2.67
-105.35,94.05,49.84
-54.99,51.28,19.19
-55.20,67.40,21.53
-38.37,68.09,12.51
-29.57,40.59,14.23
1.42,6.84,34.90
-0.71,39.55,50.72
-16.45,20.17,70.81
-70.10,7.72,72.48
-39.13,18.66,53.42
-24.46,52.90,33.00
-31.85,41.79,38.94
-30.68,44.51,36.05
-55.22,75.87,12.07
-76.06,-40.74,72.98
-61.85,12.70,44.65
-55.64,6.49,32.77
-70.35,-13.29,48.38
-66.29,-20.86,43.71
-64.68,-23.23,57.88
-25.23,-32.58,38.29
-16.13,-36.16,53.17
-12.43,-45.78,48.50
-19.12,-55.51,56.54
-20.90,-36.62,51.12
-36.72,8.58,67.33
-42.33,14.54,68.84
-22.89,-0.57,74.66
42.10,32.41,-6.84
28.14,21.09,0.48
11.61,62.63,18.43
-14.02,126.03,54.72
-45.82,93.47,61.94
-54.61,66.54,48.98
-54.95,64.51,54.90
-50.45,47.65,45.47
-35.51,31.37,29.88
-9.85,35.74,42.52
-8.56,17.68,62.71
-22.07,58.46,45.66
-14.02,41.45,51.77
-13.47,39.32,35.49
-16.59,42.62,67.63
-11.05,50.89,22.68
-41.12,26.26,68.63
-59.49,57.29,59.78
-40.78,15.19,46.66
-56.18,15.05,51.72
-69.07,12.56,58.84
-67.08,-0.94,56.08
-44.07,-11.91,49.74
-20.23,-21.49,50.30
-21.89,-28.94,58.46
-9.98,-55.72,38.14
-13.06,-63.40,45.41
-28.81,5.63,63.27
-37.77,40.59,63.99
-52.60,17.22,99.10
4.41,-21.76,35.03
23.79,-4.79,-19.38
4.25,110.86,27.26
-16.66,72.80,28.83
-17.24,137.79,-5.55
-31.93,84.51,29.31
-48.57,72.06,28.83
-26.07,36.18,39.92
-41.99,16.22,39.86
-22.64,27.47,45.53
-33.90,32.85,52.90
-34.84,18.04,52.06
-33.40,15.48,61.33
-6.32,29.71,56.29
-25.21,6.01,54.70
-47.46,13.31,38.65
-79.35,23.41,48.80
-67.38,16.22,44.63
-58.69,7.81,26.07
-63.74,7.57,27.89
-73.84,-3.24,47.60
-76.14,-6.44,45.49
-57.12,-16.93,40.17
-46.43,-18.35,55.18
-31.28,-33.73,42.66
-18.81,-46.07,40.07
-24.54,-49.99,44.03
-33.04,-33.29,58.53
-24.25,-13.25,55.45
-21.39,-55.64,70.89
-11.93,-41.26,63.74
0.57,-33.21,53.80
4.25,-16.51,64.55
-15.11,-21.05,63.50
-22.56,-20.23,77.50
-11.40,-31.72,83.53
3.49,-30.36,57.21
41.47,-25.32,35.82
35.55,11.57,20.95
-4.96,16.95,36.66
-22.75,65.03,69.66
-50.20,49.42,38.60
-34.61,67.50,6.17
-78.63,20.42,45.87
-54.01,52.79,36.85
-27.62,-2.66,59.72
-22.18,-0.33,68.48
-5.86,-26.24,56.29
0.71,8.27,53.71
-9.65,-15.82,75.85
-6.13,4.41,28.88
-37.87,49.03,59.76
-63.42,117.36,29.88
-49.46,18.02,53.00
-43.44,33.21,48.92
-35.45,12.62,63.74
-21.39,5.71,59.20
-39.48,77.84,119.25
5.59,16.01,17.20
-57.00,48.50,66.14
-67.42,74.45,55.43
-32.56,14.44,43.96
-17.47,33.33,38.54
8.24,32.70,24.34
-5.86,25.30,64.18
-8.01,34.00,69.22
-6.86,19.67,67.21
-9.46,25.88,65.14
-17.39,28.21,67.02
-10.17,24.90,69.93
-3.52,-15.74,44.72
-12.26,19.56,8.94
-58.71,-58.00,156.90
-35.05,73.01,39.78
-25.80,72.34,15.05
-33.12,59.78,27.29
8.96,30.65,-3.85
14.48,75.68,11.53
-3.08,87.84,-26.26
8.66,89.07,-35.84
-22.35,122.05,-17.22
-17.37,78.88,-11.05
-12.34,77.31,-7.30
-30.11,70.52,32.81
-29.55,55.51,32.33
-23.23,31.76,42.14
-47.67,27.95,57.84
-45.11,42.41,40.84
-31.26,52.39,28.35
-26.85,58.90,39.30
-26.34,38.54,41.47
-30.95,45.47,27.47
-70.37,39.00,26.26
-74.85,32.56,24.46
-60.89,19.10,35.40
-59.32,32.01,26.97
-57.50,17.97,29.46
-67.12,0.31,52.54
-60.53,-25.97,52.27
-41.74,-54.24,43.82
-25.00,-58.57,28.04
-14.71,-57.73,25.47
7.36,-59.72,24.29
8.98,-53.46,18.90
10.44,-88.01,30.67
17.28,-37.43,30.26
-26.62,-61.14,52.86
-36.35,-67.71,45.11
-24.86,-57.40,33.65
-20.65,-77.88,48.61
-31.95,-31.60,37.02
-40.18,-43.04,47.25
-52.33,-32.73,72.29
-44.11,0.21,45.72
-50.76,-55.53,32.56
-38.52,-70.28,23.85
-43.17,-54.84,16.17
-46.22,-55.66,12.41
-62.98,-32.71,13.35
-80.52,-21.68,18.23
-76.14,-24.86,9.90
-80.22,5.82,0.80
-73.44,2.43,21.74
-85.87,20.36,3.06
-71.12,22.93,16.34
-59.72,-7.45,14.50
-65.03,6.05,12.53
-92.92,17.01,15.11
-78.09,5.44,5.06
-73.24,6.82,-0.59
-76.16,-3.28,1.57
-79.28,-8.49,0.67
-79.70,7.62,10.86
-101.92,17.43,10.32
-45.45,-1.92,8.56
-48.36,5.75,8.56
-62.33,17.03,9.50
-84.39,7.28,11.05
-136.07,-0.36,12.43
-91.00,-4.54,-0.92
-54.21,20.26,-6.42
-73.53,-10.78,16.74
-125.23,-15.63,10.86
-84.24,35.68,-8.01
-54.34,-25.36,-0.15
-39.46,-23.79,20.44
-85.56,-9.23,21.38
-107.61,-22.07,-12.9
-68.53,7.01,-9.33
-73.82,-13.77,-12.35
-57.73,-52.18,-6.82
-96.86,-16.38,-16.34
-84.83,12.72,-6.53
-73.09,-8.91,4.83
-35.40,-26.49,1.61
-51.73,-17.47,17.07
-97.59,-3.79,39.74
-99.70,0.23,3.14
-61.37,-3.29,-19.15
-83.95,-20.78,-18.27
-76.56,-0.21,10.27
-74.66,5.32,-6.42
-87.46,-10.36,9.39
-71.67,-0.54,8.39
-75.62,35.32,12.85
-57.39,26.72,4.67
-60.64,29.25,-4.88
-81.96,8.14,5.57
-72.77,35.20,-10.36
-77.21,11.51,-26.34
-90.33,24.61,-18.18
-74.14,24.82,-26.68
-66.04,35.05,-12.72
-63.76,37.08,-13.68
-57.14,51.77,-19.61
-57.04,56.24,-24.15
-58.36,59.91,-30.53
-53.00,52.33,-28.06
-53.94,53.59,-27.41
-54.05,54.09,-30.11
-54.55,52.60,-28.96
-54.59,52.75,-28.86
