gX,gY,gZ 
-3.17,-2.23,-5.83
4.97,3.46,-2.82
-8.82,6.97,-5.30
0.45,4.24,-8.24
-2.02,7.52,-13.33
2.99,6.64,-7.03
3.56,4.90,2.88
-2.18,-0.66,-2.93
0.62,3.73,-1.92
-3.75,3.81,-1.46
-2.23,2.91,-1.94
8.10,9.25,2.58
14.63,12.53,14.63
14.38,22.96,36.08
34.56,2.41,31.88
24.23,-32.21,27.41
22.40,-40.39,39.89
37.05,-28.70,25.32
-2.68,-26.40,19.47
2.00,-17.17,-6.64
-1.09,2.04,-14.30
-44.94,-1.92,-19.29
-13.27,-7.54,-17.93
-4.00,-12.96,-23.16
-8.26,-36.21,-9.03
12.14,-24.34,24.07
-20.90,-20.42,39.73
-22.85,0.78,42.00
-13.83,-14.61,12.47
3.24,-10.47,-0.54
-4.49,16.26,6.29
-9.19,31.24,17.91
-0.66,30.29,15.45
-9.07,18.28,0.68
4.43,3.77,-6.63
4.86,0.39,-6.00
-2.00,4.25,-5.03
0.49,5.60,-1.20
4.60,3.28,-2.41
0.21,5.23,-4.25
3.28,1.32,-2.58
-3.34,-3.48,-1.17
-4.74,-1.24,-6.84
13.56,3.07,-3.96
1.96,6.43,-0.52
5.46,-1.96,-5.67
6.08,6.31,-1.15
-3.44,0.89,-15.02
7.38,0.04,-19.54
1.42,11.05,-36.14
9.66,16.69,-56.75
5.44,23.72,-61.72
7.36,20.19,-68.66
6.84,22.42,-102.85
0.49,38.31,-94.69
36.35,40.90,14.40
10.63,2.99,66.21
-48.34,15.43,-48.82
50.65,-4.84,-48.32
177.58,64.00,-37.50
95.96,121.31,25.78
256.34,51.12,48.55
241.16,3.05,63.10
174.87,-50.57,69.77
251.31,-32.43,43.71
117.23,-32.23,-52.28
105.19,4.78,-37.83
127.80,-68.62,-23.12
77.15,-3.50,-59.43
15.52,-1.05,-97.22
-43.73,2.76,-41.60
581.39,-140.86,77.32
224.59,-73.13,18.15
259.21,4.82,-81.97
253.23,17.43,-45.89
91.47,53.04,-0.82
44.78,53.66,3.28
54.59,-19.54,-12.32
-19.60,2.64,-0.68
-24.54,-0.51,-1.15
-33.86,-5.91,-2.04
-116.90,8.72,0.16
-250.35,21.02,37.79
-163.98,36.64,-64.31
-162.75,106.45,-10.7
-116.78,39.94,19.39
-146.53,-27.82,63.84
49.45,-0.54,129.84
-82.65,70.56,9.42
-22.93,91.26,-13.95
-17.19,25.08,-27.59
57.37,-7.79,15.87
75.23,-44.67,14.98
23.62,-46.32,14.84
7.13,-60.93,8.80
34.27,-32.27,5.09
-84.86,9.29,-30.00
23.72,27.22,-43.68
-13.68,-3.94,14.57
-154.20,-8.24,-18.86
12.14,28.83,47.23
104.33,69.53,76.96
73.42,49.46,5.03
-145.25,79.13,-94.19
-188.32,72.49,-54.73
-160.26,67.09,-21.57
-32.35,14.16,-5.87
75.54,-48.49,6.45
-308.58,-42.68,-180.
-318.33,24.17,-92.36
-54.50,75.89,-87.06
129.32,34.56,-12.01
207.48,63.36,80.88
321.27,-95.43,55.57
265.94,24.64,210.78
181.58,-42.90,185.52
21.43,-70.14,19.14
-47.97,-17.10,-46.78
-7.44,-12.53,-66.81
-2.86,-27.18,-25.28
-90.24,-28.60,-75.25
-65.45,6.33,-18.96
140.78,11.23,-5.46
135.51,0.97,39.21
161.70,4.82,77.52
242.84,2.51,122.61
338.91,-17.70,167.90
250.96,-53.29,170.56
194.21,-112.45,135.1
92.75,-140.54,62.99
21.51,-94.36,-24.42
31.57,-69.26,-41.91
42.88,-40.72,-16.53
24.67,-12.63,-12.92
44.67,0.89,-7.48
24.44,0.17,-4.35
3.32,-8.45,-3.48
-0.12,-9.31,6.20
-34.50,-1.07,-4.99
-42.88,23.10,-9.50
-132.58,75.01,-40.66
174.99,93.66,-13.39
210.43,18.85,86.83
-104.19,17.72,-63.05
-57.70,55.35,-31.75
5.48,23.62,-55.88
-63.34,-5.61,-39.94
-81.33,-40.26,-48.12
-148.86,-18.11,6.99
-261.82,32.80,-22.96
119.62,50.40,-9.83
53.54,25.33,25.68
50.73,45.95,49.15
71.98,-93.02,128.65
0.51,-18.73,19.88
20.65,19.97,-45.77
26.03,28.62,-43.75
-9.93,-11.97,-54.92
-17.68,-16.38,-65.96
53.00,-47.04,-11.21
11.68,-20.38,21.84
61.92,-16.48,45.52
-1.81,-4.08,14.05
6.16,-9.50,-11.81
-25.76,25.12,-19.60
-12.61,13.58,-0.89
-0.10,2.16,-0.43
-40.37,3.24,-14.88
-2.18,8.49,1.52
-10.22,6.63,-3.05
4.18,7.42,1.36
-9.11,0.41,-11.52
-13.19,9.33,-10.61
-13.91,14.53,-11.66
-8.88,20.54,-15.08
-6.29,15.46,0.52
25.68,-8.74,42.88
18.67,9.50,37.83
-234.73,45.23,-38.37
-12.59,101.12,3.83
5.30,68.37,-53.89
1.65,24.65,-20.75
-18.73,-21.58,-37.77
-59.10,-15.78,-19.41
-70.06,-15.17,-13.85
-64.07,48.24,-25.78
47.17,22.44,-36.45
121.39,21.20,-5.69
134.81,-27.61,51.68
26.25,-98.13,35.83
-12.10,-89.72,64.79
141.11,46.78,16.34
46.80,10.57,-1.94
95.30,-27.57,29.63
5.75,-11.95,51.74
-2.84,-6.61,-32.02
0.41,-24.83,-49.17
-27.80,-5.95,-7.73
-51.72,14.16,-55.20
0.08,11.39,19.70
-46.80,43.91,-7.81
44.53,30.81,51.93
24.62,49.97,59.45
-5.07,35.09,9.31
-66.50,26.27,-17.68
-52.30,-3.01,-31.42
-70.39,4.16,-41.60
46.32,-25.10,-1.26
-5.58,-62.40,-12.28
-85.21,-20.26,-28.64
177.93,-5.73,12.88
103.77,-11.87,-4.53
44.61,-12.84,-0.99
2.18,3.36,-13.13
73.26,-40.68,45.81
-72.02,-34.74,36.27
-55.53,-6.02,6.37
-2.27,47.60,-23.72
-44.72,42.76,-32.06
-8.72,25.98,-38.95
32.45,27.30,8.18
56.71,5.87,15.50
46.12,13.23,23.86
43.58,-4.51,21.24
-18.85,4.06,-40.47
-29.03,-4.43,-54.67
-72.43,-4.92,-60.38
106.84,-25.00,28.04
-22.71,-7.65,4.66
-112.90,15.60,-36.91
-145.19,13.02,20.81
-37.96,67.40,62.89
-17.39,99.22,203.24
-396.44,47.81,153.19
-239.71,84.98,74.51
-379.11,54.30,-113.2
-47.35,17.47,-92.50
-12.40,-53.49,-37.22
-13.09,-63.06,-87.51
6.41,-1.88,-41.67
51.87,-7.15,-3.48
25.33,5.34,-26.27
50.05,-6.70,-18.24
-2.93,22.11,-9.69
-3.15,27.67,-13.52
-19.76,38.92,-14.09
-5.23,32.56,10.39
-9.52,17.82,6.92
0.17,7.54,3.73
-22.65,9.09,-12.28
-4.59,6.00,-20.03
-5.85,14.12,-13.37
19.12,-7.13,11.58
-8.65,-12.03,12.67
22.63,-2.45,-13.52
-22.56,64.39,-35.15
-22.23,68.43,1.03
-26.68,79.95,-31.90
-40.45,29.63,-64.50
-313.24,48.84,-155.1
-158.67,38.97,-66.58
-71.05,26.71,2.55
7.03,-40.92,-44.39
42.12,48.03,65.45
-20.59,-22.05,-184.5
168.79,78.53,197.20
-63.18,-38.76,36.54
-16.36,48.98,-31.30
11.87,62.46,-71.21
18.22,101.61,45.73
-196.93,-81.54,51.85
215.87,34.37,-113.79
19.25,0.72,-136.50
425.44,-273.47,187.7
350.27,-309.20,51.00
206.62,-124.30,-35.7
0.62,26.75,-46.34
-6.94,23.00,-13.68
10.16,-7.71,9.07
16.03,12.80,-31.09
-16.36,16.90,-22.89
11.19,-3.50,-3.69
2.56,11.87,2.12
-11.54,10.32,16.86
26.31,2.74,8.72
-66.35,41.83,-10.37
-290.20,113.11,-54.7
-135.61,60.67,-39.83
-69.83,35.88,-30.15
-94.60,-9.73,-36.82
55.31,39.75,-3.83
9.81,12.94,-28.05
58.63,4.92,-23.64
8.65,22.13,40.96
9.23,6.08,-4.37
-41.05,14.67,28.25
-135.82,8.00,38.10
-11.11,-11.44,52.63
-34.29,12.10,52.17
-13.76,-16.07,-9.79
-17.29,3.83,-13.31
-23.45,3.36,8.28
16.69,-19.08,-0.84
50.09,20.79,26.60
-15.37,9.44,-1.94
-14.86,7.56,0.16
-36.78,-11.56,-27.22
6.72,10.57,18.17
-10.63,-1.46,-45.40
56.01,3.46,-12.51
107.54,-59.18,48.90
74.35,-42.51,32.54
17.31,5.52,-39.26
34.80,31.75,-35.94
82.30,9.79,-34.21
30.56,18.32,-48.61
73.30,94.40,-37.21
43.48,68.64,9.85
24.50,67.14,15.95
61.20,83.58,22.26
136.47,102.41,54.22
-33.13,170.19,64.02
-40.02,145.81,72.97
22.26,92.30,79.33
211.77,-57.22,35.30
34.50,-30.95,-8.37
42.61,-33.18,-38.06
-142.02,-24.65,-186.
-15.74,-3.59,-412.81
131.94,180.31,-458.0
-63.59,411.20,-213.7
55.53,301.22,150.63
163.33,17.43,433.58
-371.00,-206.80,493.
-104.97,-441.98,139.
-548.72,-94.42,12.18
-85.76,414.47,-116.4
164.11,162.01,-126.0
-138.35,-15.31,-39.8
-239.57,-86.90,-13.8
-190.07,-157.56,7.58
-129.35,-88.46,63.08
-17.08,-49.06,-20.57
82.82,-11.97,-10.30
-14.20,29.76,-80.36
236.91,-3.42,9.42
373.74,-18.67,154.28
369.00,-11.13,153.64
453.54,67.73,84.61
256.79,135.77,209.26
237.67,-85.66,156.63
2.31,-219.44,72.45
24.25,-44.16,-11.17
56.98,67.42,-58.30
-41.81,26.56,-42.92
-91.76,-22.50,-72.02
-12.84,-11.48,-9.36
-31.12,-27.14,-36.04
26.23,-8.06,16.82
20.92,-4.72,-3.63
46.98,-1.92,12.20
57.18,-11.99,-0.35
35.38,-8.57,15.00
58.75,-13.35,19.08
80.30,-13.93,21.24
112.61,-23.88,33.88
89.22,-27.86,35.67
79.81,-32.50,26.71
92.42,-25.26,17.89
40.96,-12.28,0.68
33.65,-7.89,2.49
-9.81,0.68,-11.42
-20.15,10.82,-8.86
-18.09,11.19,-4.12
-15.60,11.17,-7.77
-12.67,8.51,-12.08
-18.34,6.39,-9.17
-2.33,7.09,-0.80
1.96,2.66,-2.06
1.32,-2.39,2.68
21.04,-11.77,-0.80
-19.54,14.36,-2.45
-17.21,2.39,-6.26
-35.65,-0.82,-3.36
-72.66,-15.58,-5.73
-74.39,11.19,8.57
-47.27,63.92,15.17
-97.49,115.07,54.44
-42.45,223.64,124.98
-105.88,142.18,112.9
27.41,60.79,65.73
-56.79,31.90,-39.73
-148.39,88.50,41.32
11.50,7.89,62.91
23.33,3.67,-28.29
-84.34,71.63,48.67
-45.35,-54.21,13.97
44.86,-100.00,-78.86
168.02,49.39,-18.96
-74.76,86.01,-70.33
-111.75,84.22,-77.52
-61.98,62.71,-51.54
4.37,3.89,-8.33
18.17,-9.27,4.31
23.70,2.23,1.24
16.65,-8.16,10.98
86.61,-35.40,59.39
153.64,96.07,54.48
-60.73,73.83,-177.67
-103.18,53.93,-39.40
-27.98,-19.54,6.74
20.54,-47.74,27.22
19.70,-40.41,23.31
-6.70,-3.15,-4.59
2.64,8.55,-12.10
25.14,-7.81,3.40
18.65,-11.33,8.45
5.07,-6.51,7.11
-10.12,3.07,2.91
-11.35,4.31,2.12
-6.74,3.94,-0.17
-0.45,2.45,-2.04
1.67,1.34,-2.51
-5.73,1.73,-3.61
10.90,2.41,-4.00
-2.62,4.53,-6.70
1.05,3.83,-5.27
-0.02,5.36,-5.28
1.59,4.47,-2.25
-2.27,5.46,-2.55
4.37,4.82,-2.66
1.55,4.49,-3.44
3.56,4.86,-5.73
1.05,4.51,-4.24
0.91,4.55,-5.23
0.93,2.68,-3.54
0.95,4.16,-4.72
2.72,3.87,-2.70
1.73,3.98,-4.60
3.61,2.70,-3.32
4.39,2.99,-5.54
1.22,1.85,-3.36
-1.69,2.93,-3.69
-0.06,4.74,-4.18
-3.01,7.17,-5.95
-1.63,6.82,-6.78
3.67,6.86,-6.39
0.64,6.33,-6.16
-0.04,6.26,-3.77
-0.52,4.95,-3.26
-5.95,1.59,-2.08
-2.45,1.77,-3.05
1.30,1.44,-2.49
0.33,4.43,-3.52
2.33,5.11,-3.91
8.37,2.97,-1.53
-1.52,4.41,-4.14
0.80,3.92,-3.42
-0.72,5.17,-4.14
-5.95,5.30,-3.63
-6.14,7.36,-6.18
-2.49,6.20,-5.93
-0.37,6.74,-6.94
0.02,7.23,-6.84
1.57,6.26,-6.29
1.67,5.42,-6.47
3.83,4.82,-4.59
4.93,4.25,-3.30
5.65,4.49,-4.24
-0.19,2.51,-5.17
-0.52,3.34,-5.25
0.39,2.82,-4.47
3.50,3.03,-3.17
3.94,1.92,-1.77
6.57,0.68,0.82
4.66,0.49,-0.00
9.83,2.08,1.01
14.03,0.68,3.98
12.36,-1.09,4.10
0.80,-0.41,0.08
-1.65,3.63,-3.48
-2.21,4.70,-4.41
0.41,6.80,-6.31
1.22,6.29,-6.86
-0.14,7.91,-8.02
5.11,7.73,-6.96
2.41,6.82,-6.04
4.45,5.54,-7.42
12.47,9.09,-11.79
2.20,8.18,-14.67
4.20,7.75,-13.91
4.12,7.46,-12.51
4.72,5.09,-13.25
3.98,4.24,-13.27
6.76,6.64,-16.13
11.39,5.95,-14.86
10.06,5.03,-14.55
2.37,7.17,-13.54
-0.52,4.70,-8.76
5.81,-3.09,1.77
4.76,-9.09,5.36
-5.03,-7.42,4.06
-15.91,-3.05,2.33
-16.18,0.04,-0.82
-4.86,-0.12,3.26
8.63,0.19,1.11
2.58,4.92,-3.44
-4.78,3.23,-4.08
-0.29,2.14,-3.01
-1.75,1.98,-1.96
-3.67,0.82,-0.78
-2.25,1.94,-0.97
-0.64,1.24,-0.16
-1.26,3.21,0.82
-9.87,8.61,-7.21
-6.61,6.78,-9.07
-12.55,10.10,-11.50
-12.16,12.24,-11.72
-20.17,5.89,-12.12
0.23,0.58,-11.52
-21.12,-0.08,-4.90
-12.40,27.92,-27.55
-2.31,-18.05,0.35
-32.02,-19.88,10.55
-92.28,39.56,-16.82
-101.88,73.52,-28.31
-67.94,51.10,-30.06
-36.29,7.69,-4.72
39.36,-15.52,-0.72
31.05,20.44,-26.19
48.42,-4.86,-11.04
209.48,-59.35,22.65
335.02,-34.10,94.44
338.21,-227.66,-109.
69.61,-282.28,-152.1
-161.53,-99.73,-118.
-27.86,51.08,-71.48
-21.99,44.16,-21.22
-51.56,39.60,-18.15
-110.97,-17.54,27.06
238.48,-83.76,-32.04
304.21,-89.68,222.34
-61.55,59.06,143.65
43.87,-5.30,116.38
-21.02,-37.87,62.77
121.89,-51.06,145.21
-142.29,-12.51,101.3
30.89,57.39,3.67
38.84,49.74,-98.54
67.82,58.11,-71.71
-17.43,61.34,-104.47
-7.29,27.49,-58.32
-5.85,-78.39,-83.46
-4.78,-103.51,-4.92
-36.93,-28.93,20.75
-41.19,18.73,-71.48
-79.91,7.13,-59.04
-64.41,-11.05,-53.18
-137.18,26.62,-61.53
-276.31,3.36,26.66
-94.44,75.34,-80.78
-116.40,74.18,-37.77
-157.70,-28.13,-17.6
-163.28,-84.26,-32.4
-167.30,-65.32,-185.
-309.90,34.56,-197.4
18.52,15.48,-127.24
-78.57,84.09,-150.20
-113.42,92.77,-143.0
-33.90,91.57,-90.40
-16.46,38.99,-72.76
-52.07,19.56,-30.21
-107.36,-79.46,102.0
-55.49,-277.79,113.9
-200.56,-17.27,-18.3
158.19,-32.48,29.98
-66.66,40.90,-15.41
42.82,19.27,-0.23
-35.53,-34.64,35.34
-91.64,-19.43,10.84
-77.85,-13.39,-53.54
13.27,40.76,-25.20
-6.26,31.51,-27.72
-77.07,19.16,-45.62
-7.13,-21.93,-87.21
19.53,-3.85,-63.96
269.86,196.29,103.28
364.32,68.74,147.38
-371.92,67.46,-307.9
-635.48,113.00,-326.
-26.68,-40.00,-88.44
265.94,-184.28,19.88
-280.41,-493.60,240.
82.12,-103.13,10.20
131.49,161.66,-75.48
23.82,-63.84,-60.52
-1.48,4.06,-21.68
-0.47,20.71,-39.87
197.98,3.92,140.21
73.83,-196.54,414.25
252.45,11.13,432.67
68.68,-53.39,189.25
-213.75,-43.09,-103.
44.18,26.68,-107.09
124.38,5.85,-69.61
144.84,29.65,-49.37
205.65,-2.60,-19.37
111.48,7.21,127.39
245.28,57.74,124.19
45.66,40.22,12.84
-38.06,-31.90,-35.59
3.67,10.26,-2.43
28.46,34.68,16.30
31.07,21.29,10.80
11.62,1.59,0.25
-14.36,-8.39,-6.97
-39.50,8.51,10.14
-136.47,-34.17,-36.6
-212.33,-17.78,-342.
-394.86,206.27,-610.
-85.60,4.00,49.06
-26.05,17.16,72.74
-283.44,-557.58,298.
-454.82,-78.90,259.6
-316.72,-108.49,-22.
16.20,-12.76,-66.35
54.90,-219.56,265.70
6.26,-11.31,305.43
145.34,-7.56,80.47
178.64,-41.29,-88.61
205.38,-58.40,-63.03
-70.00,35.01,6.41
-141.94,5.11,-76.00
-155.70,0.70,-109.32
-116.71,-5.87,-99.94
-78.39,11.04,-49.79
0.56,-10.39,-36.06
-69.24,1.40,122.03
97.28,-8.74,63.94
132.50,-1.52,-79.46
111.44,-42.53,75.42
-55.55,-6.61,21.08
50.49,-29.26,77.11
141.22,-46.92,128.56
-56.87,-167.90,169.1
90.28,-149.87,183.23
30.97,-93.08,132.31
80.22,-15.89,139.09
-13.72,-16.81,50.07
7.07,3.15,-51.41
24.21,-14.40,-52.20
-27.45,13.66,-101.75
-5.09,14.12,-101.57
-4.78,58.23,-64.27
-37.75,39.30,-22.21
22.17,9.89,4.00
-8.16,-9.15,30.37
0.12,-27.78,36.89
-46.12,8.49,45.48
41.30,11.27,-16.63
21.84,-16.94,-1.01
-35.38,-36.49,-1.13
-28.05,-0.84,-1.07
-45.05,-7.03,-40.78
-62.83,17.33,-47.83
-11.56,12.24,-33.38
-69.24,19.06,-0.39
-47.83,3.30,-20.42
23.96,-6.16,-42.86
58.09,4.39,-49.06
-26.60,-30.77,16.98
55.02,-20.96,39.30
-5.40,0.60,18.15
5.96,-20.79,-36.58
26.44,-18.32,22.19
3.54,18.13,32.48
32.91,-7.19,20.03
-21.60,17.54,24.98
-32.17,-23.59,95.76
-3.52,-60.60,119.43
47.89,-64.81,165.18
31.16,55.45,209.87
138.21,41.52,91.02
-0.33,33.81,-7.99
15.66,-26.05,-34.52
-29.45,-39.58,-171.8
-65.82,-19.29,-195.7
-11.40,12.47,-228.65
35.75,54.98,-205.32
11.46,13.66,-65.71
-8.12,-7.23,3.73
-30.25,21.53,-33.98
2.20,20.77,7.65
-26.87,1.69,0.91
1.38,39.63,-39.46
-94.29,128.83,-108.0
-84.80,148.76,-181.0
-47.54,132.70,-156.8
-58.01,106.64,-125.3
-16.98,52.18,-65.77
23.41,43.27,-17.39
27.34,34.25,-65.98
50.53,37.40,-24.65
-19.60,32.50,-21.24
22.81,59.39,-0.97
2.37,11.73,70.87
60.85,28.05,22.79
163.10,-24.01,132.91
81.97,2.74,115.91
324.96,57.33,-31.94
608.19,215.73,100.31
350.24,176.04,306.79
-90.26,102.02,349.19
65.49,120.61,212.14
-123.86,203.34,30.64
-61.88,161.51,78.68
-325.95,8.63,74.84
-228.26,-130.13,-26.
-88.38,-41.71,-59.18
-337.74,-20.59,-428.
-636.63,-46.18,-44.2
-253.60,-210.35,-111
87.86,-66.10,-44.67
71.92,-118.44,-13.79
125.86,-97.71,67.98
-93.76,-112.84,120.4
-115.87,-138.54,-73.
77.54,41.36,-63.53
-17.45,-5.61,0.66
-10.10,25.80,-47.19
6.45,30.17,-66.08
-88.20,55.90,-125.95
-88.26,-22.19,-62.52
81.64,87.00,-5.71
67.59,137.32,92.38
116.43,161.12,119.99
27.84,115.99,106.14
-102.58,-12.55,-23.2
-17.52,38.86,-17.31
14.26,67.88,20.48
50.73,49.31,51.23
25.08,14.12,98.54
-19.91,-7.31,36.04
31.88,-14.53,5.34
32.02,-27.78,6.49
12.86,-9.69,-9.27
32.68,-19.82,24.05
17.50,-34.39,81.54
-2.89,-107.59,20.71
-97.14,-88.75,-47.21
-159.53,18.65,-86.15
183.25,104.86,-14.38
-42.53,-189.06,-10.4
31.01,-86.46,-12.36
-74.14,26.34,-38.80
1.79,-17.66,-10.03
12.12,-6.49,-32.21
60.73,-20.77,-42.96
47.35,55.37,34.17
-79.11,96.36,16.32
-152.05,42.39,-9.48
-31.53,100.35,110.35
130.68,33.84,135.82
7.71,57.27,22.21
-160.05,68.56,-201.8
-414.72,9.42,-56.71
-159.02,42.24,49.68
-73.52,-242.12,141.8
143.03,-73.93,33.24
80.55,-163.02,-36.43
119.35,-155.29,31.77
-2.02,-94.83,132.46
154.05,49.06,79.70
-217.52,6.47,-417.13
-109.83,230.48,-636.
-86.53,311.26,-539.3
-37.65,167.88,-213.7
-28.17,-29.10,-77.62
-131.24,50.53,72.99
147.77,60.50,105.30
-221.50,89.93,-190.4
51.04,52.79,-201.82
-106.00,-19.16,-24.1
-266.23,-72.58,108.2
0.00,0.00,-0.00
-59.53,-357.11,265.3
53.99,-156.83,303.69
148.88,-83.19,375.86
164.95,-76.14,349.59
32.37,-65.28,40.92
84.34,-206.15,-14.94
292.13,-137.77,90.79
-66.95,-95.26,-173.3
442.27,136.35,66.37
-69.86,-113.56,-256.
262.05,-49.68,-6.59
102.37,122.36,-67.96
-62.05,111.73,-93.74
51.47,36.25,-84.26
122.48,-141.89,-38.7
-27.69,108.60,81.44
51.12,90.58,117.06
197.61,82.43,94.50
12.05,1.32,8.08
25.35,-16.94,-142.06
-54.03,6.28,-169.98
-72.43,50.20,-106.97
-55.99,26.13,-18.55
-38.90,16.69,31.98
-42.00,60.13,3.32
25.22,-5.91,22.13
31.61,19.68,17.02
18.98,70.53,24.91
-26.33,63.43,20.46
-56.28,29.76,-124.75
-331.25,-132.27,-412
-33.48,-11.75,-94.75
-9.17,8.35,47.41
116.26,-31.65,128.93
15.81,2.02,-57.64
-70.49,82.40,-208.52
-83.56,65.05,-245.11
-127.86,-18.55,-183.
207.32,12.78,199.39
350.22,41.81,319.85
514.42,91.62,243.73
-30.39,50.24,54.13
367.68,-62.70,17.00
-267.00,11.15,-41.15
-159.68,-78.84,18.85
-29.03,-51.74,57.66
16.55,-48.77,-4.70
30.72,-3.52,-67.59
59.18,-35.24,22.44
15.72,-9.85,-24.69
13.41,-2.68,-10.41
-29.86,-6.45,-66.93
-15.56,-28.73,-23.59
-89.31,-30.93,-6.00
-47.11,32.19,79.17
-356.71,125.57,-209.
-62.25,153.74,-306.5
-190.42,-7.25,-1.11
37.15,-4.88,125.74
-103.79,25.53,224.20
-17.50,16.92,302.44
49.78,17.00,283.91
-193.58,39.60,161.96
-53.39,40.72,49.04
-139.05,-39.30,-234.
-636.63,-636.63,-115
-581.61,-163.18,-220
-44.53,-81.48,-48.42
60.79,32.46,138.04
25.33,26.64,282.28
66.48,28.58,347.90
117.93,51.17,304.38
39.44,36.45,58.65
-152.57,-168.37,-636
-410.04,327.97,-163.
62.95,-12.92,-124.03
-48.16,-73.89,68.99
59.33,19.93,172.27
39.42,102.47,221.44
47.27,141.40,151.27
-224.11,-636.63,-502
-636.63,49.76,-295.5
108.70,-16.53,68.62
-89.84,23.12,182.37
78.08,68.19,176.76
142.04,105.73,114.86
154.49,99.75,31.77
108.25,74.41,-89.33
-20.26,34.19,-215.99
-8.94,-17.14,-190.75
101.44,-21.06,-54.09
67.49,-8.04,-3.11
128.50,-12.10,37.24
95.16,-12.43,32.91
-4.04,-3.46,-62.89
-11.93,1.57,-30.81
5.46,13.09,-5.50
30.46,5.89,-22.94
12.12,0.99,-18.26
63.82,7.89,-35.40
76.18,0.49,-6.10
88.32,14.22,2.91
103.79,9.81,1.30
78.49,-2.45,17.72
51.12,-24.73,69.88
28.13,-37.75,63.55
23.26,-5.91,23.55
-21.22,-3.23,-12.53
-100.17,1.09,-9.60
-171.57,40.26,12.75
-68.00,56.75,-14.80
53.27,51.35,-0.68
36.43,16.59,-14.59
10.04,-5.63,-37.38
-184.57,-7.46,-36.86
-155.64,4.86,-61.16
-66.66,70.51,-40.45
5.71,56.42,-50.65
-14.86,36.88,-7.07
-0.16,-8.88,-4.43
-5.46,-28.09,19.18
26.62,-15.76,23.33
54.42,2.00,19.04
56.71,17.58,1.98
-21.74,22.61,23.96
-75.89,41.75,-1.87
-59.68,50.67,-21.04
-71.11,27.92,3.15
-75.19,34.93,39.23
73.44,11.75,72.06
63.05,-11.68,62.85
29.78,-5.46,34.35
-23.45,13.39,21.62
-79.02,-12.92,20.61
-90.13,2.31,17.08
-36.27,0.99,-22.73
-235.61,56.54,-91.51
-272.41,68.60,-164.5
-179.29,8.33,-133.01
-124.52,128.21,-37.2
86.40,-10.10,-42.32
-71.30,-0.41,1.17
81.06,32.85,53.66
14.53,45.40,64.97
31.57,57.55,48.92
88.20,47.35,27.16
99.88,21.82,112.65
16.63,18.81,-8.14
-83.97,39.03,-76.64
-170.64,66.99,-159.5
-140.10,64.42,-165.7
-16.82,46.59,-75.17
-100.58,-96.36,-17.9
-28.02,-11.97,9.66
33.18,2.45,24.05
76.04,-54.52,90.30
20.07,-54.54,108.88
-0.21,-43.68,73.46
-189.25,-12.32,-39.4
-63.65,140.70,60.95
-76.49,76.08,130.23
320.08,-49.27,106.33
506.40,112.59,45.66
190.53,25.57,113.35
180.10,83.21,76.64
124.94,156.26,-31.01
-33.28,-205.14,16.51
-151.56,-75.05,-44.4
-31.20,20.07,-2.62
176.43,10.06,22.03
98.52,26.79,8.10
90.77,44.80,-14.47
39.77,18.24,4.47
-29.43,-75.67,-54.94
-91.78,-83.52,-135.8
-21.08,162.77,62.03
-205.90,27.18,85.54
-139.90,-81.79,100.5
-33.49,-80.76,102.60
29.03,-65.24,62.48
89.25,-75.40,30.48
155.16,-52.53,82.42
92.96,-68.85,76.02
73.50,-27.08,180.26
81.85,-25.16,175.28
28.38,-155.91,-13.44
1.26,35.03,-20.75
-20.75,31.07,-141.61
91.29,-74.02,21.57
195.22,-127.84,40.28
469.64,75.46,70.10
460.98,167.06,63.63
296.90,110.57,-19.54
-82.47,9.77,-100.17
-257.60,8.84,-59.70
-276.82,-14.38,-41.1
-320.53,-50.67,-19.8
-441.98,-130.17,-143
-289.89,-101.03,-139
-25.80,11.87,-43.89
-68.85,10.32,-8.30
-30.29,18.32,-27.10
-68.17,-19.21,-68.43
85.19,30.33,-6.68
46.82,6.68,3.03
-16.01,-4.59,-16.42
-77.79,32.58,65.78
-57.51,50.69,-5.11
40.04,-6.41,30.09
107.21,-18.96,46.34
114.51,-10.01,97.18
166.50,-61.08,100.95
128.83,-85.74,40.26
-22.23,-19.68,-36.54
41.56,3.94,-89.27
-29.96,-14.59,-34.64
-81.72,5.28,-81.15
-89.66,-28.04,-148.2
-20.28,-33.84,-147.9
-88.44,15.80,-92.81
120.18,67.20,-56.17
-137.63,-21.27,-150.
63.94,-51.97,-49.93
-1.63,-117.70,107.11
34.31,-53.21,138.89
-67.40,-188.49,216.8
-410.64,-36.84,-87.8
-18.07,126.11,-87.82
-74.64,176.51,-45.13
-43.15,126.17,-16.51
104.10,55.08,6.22
246.29,18.48,24.50
-1.63,-1.17,22.38
109.03,-18.92,66.21
132.21,6.31,70.08
146.47,69.28,15.25
89.56,-8.67,21.43
124.75,-3.26,55.70
41.81,109.36,34.27
-3.98,37.69,53.12
-61.94,2.55,-10.74
-196.21,92.58,-106.6
-636.63,-73.50,-129.
201.51,80.74,38.62
283.50,114.45,5.87
69.20,66.23,5.09
3.79,-47.72,52.77
-262.90,-64.46,128.0
-88.57,-7.93,82.10
-79.75,37.75,236.72
-61.06,54.19,303.57
237.69,127.35,370.81
-76.68,124.92,124.01
130.35,-34.12,132.58
3.59,-98.15,44.02
-76.86,-50.88,-88.28
-46.30,-104.16,-71.5
-157.58,-107.05,-138
-179.91,-114.12,-231
-43.46,29.67,-244.33
-35.85,-8.80,-176.91
-4.64,-45.77,-92.30
-9.93,-6.18,-50.59
-18.24,37.98,-41.75
-13.29,11.89,-26.54
29.78,5.65,-27.61
51.70,-38.84,-90.17
5.63,-7.56,-27.82
32.76,-28.23,-40.74
32.46,-26.19,-90.54
46.65,-33.90,-82.34
-10.24,21.82,-9.11
-3.11,-22.13,26.00
-46.32,5.67,-9.15
-70.99,44.36,-33.36
-75.27,58.93,-29.32
190.92,33.73,67.14
137.59,-54.36,96.25
7.36,69.73,-24.05
-64.95,15.85,-83.15
-38.72,-10.26,-15.68
-68.66,42.04,-27.94
81.23,59.61,-12.84
134.37,68.19,-68.35
153.72,76.76,-34.19
206.47,130.19,-9.77
206.56,184.80,1.09
192.54,153.89,4.04
169.32,125.33,-79.44
50.88,113.95,-79.05
-110.57,-87.19,-45.4
-337.26,-222.26,103.
-446.79,-120.32,-51.
257.68,185.66,-72.78
38.93,9.44,-0.29
60.83,19.64,40.90
111.83,26.42,-21.20
39.42,92.42,-81.02
-52.07,73.19,-60.54
-47.15,-18.28,-26.01
-222.47,-79.48,-46.7
342.81,244.95,23.51
-34.80,-28.62,-61.98
-50.13,-3.98,-20.61
-23.00,-34.49,-50.86
-103.38,-115.97,-125
-14.69,-141.87,-79.5
-30.23,-133.55,-12.0
-57.74,-137.13,-43.1
-99.57,-187.27,-31.3
29.51,-97.03,6.31
129.80,-95.35,-134.0
434.92,255.27,263.39
-117.76,-260.34,49.0
-130.97,82.59,-40.86
122.63,121.04,37.46
214.43,44.41,180.04
292.32,33.79,143.85
153.72,97.53,9.69
-291.43,83.08,-111.4
-136.47,138.64,-64.8
-216.20,70.64,-119.3
-30.56,10.65,-15.46
188.81,-1.34,32.10
-36.08,15.87,68.25
31.63,-108.06,187.60
229.88,-184.96,195.3
220.36,-161.18,141.1
-37.34,-85.89,-36.39
-16.24,-10.71,-31.94
-91.84,68.76,21.55
-199.90,127.51,-1.50
-195.12,94.91,-82.34
-143.26,74.88,-212.8
176.66,172.37,-276.7
289.31,39.25,-636.61
-241.90,210.43,-255.
-32.58,-48.01,250.86
56.58,-174.25,607.45
46.67,-214.59,509.96
180.61,-3.81,237.24
85.12,-37.44,26.95
49.52,-11.56,-85.93
-24.07,-34.17,-185.2
44.88,3.30,-60.89
138.41,16.48,40.86
108.86,4.66,1.32
264.98,17.12,100.68
131.39,-19.70,36.35
-31.20,-55.95,-23.82
-107.34,-62.83,-71.0
-142.41,-7.91,-73.05
-70.08,54.13,-42.45
65.96,44.61,-4.99
88.05,9.42,-8.67
62.73,-20.21,22.48
8.02,-20.42,12.08
29.08,-3.57,16.36
7.25,12.96,-14.03
-6.92,18.92,-19.12
-3.34,4.49,6.47
17.23,-16.98,11.15
12.18,-1.90,-36.95
-38.55,2.55,25.14
66.81,4.14,-23.33
11.62,31.38,-19.16
33.61,6.72,-22.46
-35.63,4.80,-18.05
-72.70,4.93,-3.71
-83.93,6.49,-18.83
-58.09,14.88,-35.32
-8.47,25.47,-8.35
-5.27,21.64,-9.54
-87.29,-1.07,-46.53
-86.44,-25.24,-94.48
55.41,-15.85,24.89
-9.75,-9.62,-4.78
-34.06,22.75,-69.69
39.40,29.98,-45.56
95.68,10.82,5.85
-30.06,18.34,30.87
-268.44,36.91,-64.17
-364.15,15.85,-72.51
-28.25,79.77,48.88
-42.39,98.79,46.49
62.75,25.43,151.19
-263.99,-12.45,16.28
-87.49,36.53,57.33
-214.08,35.18,62.66
98.70,39.98,8.55
-58.11,14.30,-12.63
-107.89,-29.18,-13.4
0.84,-18.22,13.37
137.11,-47.29,-14.84
175.52,-2.56,-29.55
150.74,-7.40,88.79
115.04,-39.65,137.49
174.06,-97.72,161.62
180.61,-68.68,135.40
170.43,-36.74,37.85
1.96,-53.86,-54.11
52.57,-27.12,-5.52
98.02,-32.89,14.92
277.11,91.20,40.16
-185.62,-73.30,0.06
103.88,-29.03,-15.85
-121.54,-28.00,3.13
217.31,-42.41,63.65
77.07,-72.37,80.14
140.91,-107.52,78.14
-40.37,-106.12,101.5
-200.40,-2.35,7.77
364.03,85.45,9.15
188.09,20.69,17.10
-176.12,32.27,-28.91
-134.29,-80.59,-120.
-146.94,-54.01,-140.
-144.74,-87.19,-178.
49.27,-64.21,-126.01
500.24,52.98,41.98
-173.83,-41.19,-55.0
261.21,71.81,24.91
310.74,-19.97,51.04
145.48,28.91,32.64
278.21,59.78,22.28
491.87,112.74,22.09
-157.35,26.09,-36.02
126.75,19.10,46.03
-14.36,-13.58,21.84
-209.38,-20.69,4.33
-149.05,-27.90,-28.2
-76.55,16.49,-66.00
-2.78,69.57,-45.89
121.23,22.23,47.17
163.41,-7.34,73.48
19.35,-10.55,24.40
-27.02,-14.07,-6.57
-22.17,8.14,4.16
-47.52,9.68,-19.23
-121.84,2.58,11.85
-293.25,14.38,24.95
-423.03,54.81,25.78
-94.44,113.89,-32.93
7.75,84.22,-13.95
-212.51,54.28,37.48
-9.36,-50.55,-8.39
-70.14,-28.35,-8.57
-158.77,5.30,-38.24
-443.92,45.56,-242.1
-207.42,13.79,-44.37
174.16,37.05,-84.90
43.75,-16.75,13.72
193.49,107.81,-44.84
-43.33,109.65,166.31
-175.79,-10.94,264.3
-32.37,-106.53,54.46
159.41,-87.78,74.47
244.23,-41.79,21.68
45.17,-63.34,-46.61
-151.46,-68.45,-204.
8.37,52.38,-108.72
-35.96,69.03,-65.75
14.57,86.96,57.76
98.19,125.95,79.70
-126.65,72.00,69.81
177.69,111.19,170.50
-34.39,113.03,88.11
-278.47,144.20,-103.
-636.63,247.42,-636.
77.46,-203.24,-584.5
-286.10,-154.30,-484
-195.08,-135.01,-225
-165.49,9.13,360.30
268.42,-302.52,636.6
636.61,162.81,161.00
-618.13,391.15,166.8
-226.61,102.70,102.9
-187.60,-277.28,-492
-636.63,-289.85,-564
-540.15,30.50,-349.3
-101.82,135.98,-258.
-349.54,182.24,-143.
88.22,117.25,124.34
146.57,-88.77,248.61
214.20,-165.01,376.0
1.90,-81.74,255.81
145.03,-89.95,250.35
-55.93,-47.54,-31.10
-7.29,-32.87,-265.06
-341.71,93.68,-285.4
-128.01,162.40,-199.
-9.33,115.05,-120.01
-61.30,52.32,2.51
80.01,3.46,239.63
-202.89,-178.08,234.
364.83,-107.73,255.9
-62.27,-71.30,127.96
-121.76,-12.57,-12.9
179.81,-4.27,-89.53
-348.02,-15.81,-120.
-77.73,97.49,79.56
88.88,15.50,279.34
116.47,38.25,324.73
-376.77,102.02,305.0
42.65,28.38,278.08
-28.54,68.80,-51.64
47.93,8.72,-157.12
-83.29,38.12,-247.28
-62.21,37.59,-287.93
-89.88,28.64,-241.28
-205.94,92.67,-193.1
-175.75,77.32,-272.7
-209.32,87.74,-302.1
-255.37,139.40,-120.
-158.07,116.76,-136.
-13.81,48.55,-118.09
-215.79,6.74,-110.18
-370.75,-108.53,-4.4
-260.61,55.74,-59.96
-119.06,41.71,-47.21
-77.38,111.65,-86.96
75.38,97.55,-253.13
-299.68,-62.05,-313.
-116.63,-177.11,33.1
136.48,-159.00,382.6
-207.34,17.21,57.82
-386.55,32.27,-180.5
-182.26,81.11,-106.1
-226.19,52.67,-97.96
142.68,56.94,81.40
-264.85,107.52,27.61
-19.43,-19.33,25.68
-73.48,55.27,21.84
66.31,99.45,-22.15
-147.42,-176.00,313.
-302.01,-381.26,-263
-249.58,-18.44,-135.
298.17,6.90,53.21
-211.81,110.53,152.5
109.60,-92.38,-51.25
79.77,-3.48,-67.81
198.91,-81.04,-70.99
-34.52,62.75,-38.22
-84.34,-121.89,-83.3
40.45,-22.05,-49.83
-252.10,-33.81,-132.
-81.79,60.66,-79.23
213.67,56.46,-16.63
92.03,49.10,54.94
178.84,15.35,11.07
173.81,-102.00,118.8
104.54,-68.19,102.87
7.40,24.58,-12.88
137.59,18.03,-81.54
85.91,-4.06,-90.79
-48.22,45.44,-69.01
204.00,31.47,-6.51
96.66,19.18,57.68
73.89,-47.13,144.78
-101.40,-117.17,106.
116.18,-11.56,60.25
10.26,-24.32,-2.37
-31.86,-22.87,-21.99
167.80,-68.31,-21.24
-5.21,82.82,-48.51
58.15,97.10,-58.30
40.24,69.98,22.48
94.71,47.91,43.91
-125.29,-98.89,54.54
215.99,-56.79,66.29
-9.48,-58.67,38.58
30.23,-26.48,-2.47
3.98,3.38,-58.19
229.68,65.07,-72.97
-84.20,34.80,-30.68
-14.57,-14.51,-26.23
-56.07,12.05,32.08
213.54,23.57,90.75
162.15,-34.04,101.44
-68.29,-37.83,138.93
141.38,3.65,78.65
78.12,-9.99,16.71
115.35,-16.84,-2.33
110.64,-14.18,16.16
223.35,95.55,57.14
36.20,-20.44,-5.83
213.05,-112.51,105.6
-222.69,-200.50,125.
-146.43,-106.91,-57.
122.81,-23.39,-100.0
100.35,-41.60,-17.70
99.92,-11.91,10.41
143.58,-23.28,24.95
129.47,43.46,1.19
77.25,69.61,-62.71
155.39,97.30,-142.37
89.04,152.32,20.07
108.53,99.49,97.65
-40.70,-12.16,61.08
66.60,-21.25,32.15
-219.95,-34.43,-14.1
-56.81,0.49,-35.32
140.41,-57.95,16.09
152.69,7.17,103.53
126.23,47.75,59.26
252.47,-5.73,-65.32
-414.66,57.27,22.61
-8.04,65.98,66.79
-33.84,-52.63,-22.81
-92.48,-36.51,-78.18
-250.12,65.20,-163.1
37.83,36.66,-128.21
102.91,38.88,8.94
53.04,32.08,89.37
-13.27,26.33,75.58
-86.73,55.33,85.39
-86.24,56.85,100.41
-145.60,63.63,59.26
69.13,84.24,54.46
-11.09,44.67,-12.16
-43.91,-5.34,-68.54
-23.59,-20.05,-66.52
-46.36,-25.66,-63.34
-12.78,-25.43,-58.09
-26.13,-6.26,-47.19
-18.53,-9.58,-50.57
29.24,-4.00,-33.53
86.11,-17.14,-8.51
13.97,-26.25,-0.29
6.84,-15.25,-6.92
4.76,-14.36,-11.83
3.24,-7.54,3.15
-16.51,6.04,-11.29
33.13,-11.52,12.28
123.25,56.38,4.60
149.68,98.93,-19.62
154.32,102.80,-3.94
117.31,31.22,-4.04
209.26,41.17,-73.83
600.03,209.73,54.11
69.13,-38.43,99.73
110.00,39.56,10.94
-243.67,-57.26,-25.0
50.32,18.15,90.96
133.76,51.97,208.74
46.76,-4.64,67.24
47.74,15.00,18.20
-13.00,30.91,-38.74
-12.22,33.14,-37.05
31.67,110.86,26.64
70.95,341.78,-18.52
-479.01,382.21,146.5
-195.10,183.21,78.78
-175.01,-49.17,110.8
-183.54,-64.75,109.2
-294.63,-96.15,53.16
-94.32,-150.90,11.68
-188.61,6.72,-37.79
-36.82,54.92,9.11
-1.05,23.04,49.46
111.50,-41.15,118.32
-44.49,19.74,38.43
274.56,-107.61,123.9
162.52,45.99,179.81
60.83,96.52,-38.58
-93.18,80.53,-12.63
249.60,76.64,-81.97
48.65,50.65,-163.39
-154.92,-38.24,-123.
38.51,-37.79,-29.86
-8.14,-57.08,-12.41
-31.40,-11.15,-30.42
76.49,25.98,-14.36
-135.90,-32.31,16.92
-96.85,-31.09,17.84
-326.30,-321.33,-330
-160.07,-87.60,-100.
128.36,56.26,214.55
-89.78,197.80,319.29
-146.94,153.12,185.8
27.36,44.01,46.82
3.34,15.91,-54.15
-56.13,-12.88,-70.62
-16.01,-56.34,-100.7
8.59,-52.90,-27.61
-27.45,1.71,-6.70
-12.38,30.60,96.87
53.80,-11.27,44.22
5.54,-24.36,16.20
-27.92,47.37,-28.29
20.17,-9.77,-55.82
-14.63,-28.89,-88.81
2.33,-42.22,-170.37
71.22,-121.23,-265.9
111.42,-27.78,-293.9
26.07,29.57,-266.09
154.46,39.50,-141.65
161.70,55.51,-108.80
73.93,72.82,-86.22
98.58,9.64,-56.77
44.65,10.92,-26.77
-9.54,44.43,14.94
-34.43,27.51,40.20
-18.79,62.70,35.86
2.80,58.85,24.38
-44.67,54.65,46.92
-121.12,-14.63,155.8
-159.84,-29.55,226.9
-141.57,-116.16,15.9
143.13,-233.24,-109.
66.70,-183.03,-45.58
-20.77,-128.77,-70.4
-4.57,-72.33,-139.03
2.60,-29.94,-126.61
15.33,-2.31,-77.25
20.92,33.63,-40.80
-31.53,47.19,-30.17
-6.31,31.63,-58.54
-32.31,18.77,-25.74
-17.84,20.56,-39.61
0.08,12.08,-20.22
9.50,6.61,-17.41
-5.54,-1.55,3.81
2.64,7.85,19.80
-118.63,72.91,13.25
-131.20,87.47,-30.35
-109.77,69.09,-29.98
-65.65,47.07,-7.71
-77.25,69.81,32.23
-73.63,82.57,35.07
-81.00,63.49,12.40
-10.39,30.04,0.66
-5.46,-5.95,4.95
33.03,-35.05,0.84
11.70,-3.85,-5.91
39.98,-23.33,2.21
58.23,-22.25,9.50
80.88,-43.77,29.78
111.85,4.35,94.69
320.57,96.29,182.04
19.51,133.49,156.09
-25.90,149.31,234.91
-146.80,131.06,255.9
-322.49,-6.02,196.30
-568.11,-46.06,46.45
104.39,31.96,131.90
-83.58,151.97,-198.9
-59.20,44.90,-100.29
98.87,22.13,-140.84
79.93,-91.66,6.33
5.17,-33.79,-69.42
71.26,-45.97,-11.33
32.12,11.83,29.90
-39.98,71.61,-16.90
-376.31,-182.01,-283
-53.62,-365.53,-228.
-31.45,4.51,43.69
189.87,67.81,145.54
170.58,52.17,235.78
160.87,80.10,294.83
105.36,121.76,258.65
106.89,66.74,89.06
-45.40,125.35,45.38
-636.63,-118.30,-247
-298.98,38.10,-190.2
-39.93,122.01,-407.3
121.95,19.47,-194.19
25.51,5.13,-304.85
32.76,30.19,-69.73
113.36,-43.62,-38.66
330.81,-40.41,-46.86
195.02,34.62,4.49
210.27,79.66,-25.00
158.79,118.94,-43.77
111.03,129.43,-111.9
45.37,105.26,-144.97
-36.80,92.32,-97.24
27.12,85.25,-83.62
-69.90,98.09,-88.05
-82.59,55.62,-83.13
-144.22,69.05,-155.5
-17.85,15.12,-223.04
-143.94,123.74,-214.
-14.73,111.79,-211.2
-25.66,50.22,-210.47
-17.27,-6.24,-116.80
-64.79,-72.68,-73.79
42.12,-55.31,-12.71
86.16,4.47,59.37
133.30,9.64,99.42
224.59,-22.60,180.08
121.08,81.06,320.35
61.14,93.80,354.67
-89.23,112.28,288.40
-338.81,-151.56,206.
-160.05,-122.94,144.
-80.88,-34.31,145.69
-188.86,105.85,167.1
-433.53,-4.18,73.54
-189.76,-45.23,-30.0
341.40,80.45,49.74
42.22,-81.27,-33.84
145.05,-147.27,-5.01
89.31,-84.18,-93.88
210.68,-99.08,-55.25
-636.63,143.81,-316.
478.39,310.23,-31.07
-457.83,42.92,-192.5
223.80,92.87,-104.10
197.47,225.33,-110.1
101.61,216.90,-143.2
67.36,177.07,-153.74
-5.98,146.24,-190.73
35.52,106.06,-211.11
63.43,-5.67,-180.55
-66.04,-25.24,-135.2
65.16,-42.10,-15.64
66.08,32.68,57.94
103.40,95.26,217.02
2.31,81.74,375.32
-291.48,-93.26,362.6
-249.17,-290.34,295.
-242.17,-141.15,193.
-258.83,-84.42,30.35
-8.26,25.43,104.93
-2.37,70.45,202.74
252.78,84.59,28.85
-287.91,8.33,-28.79
313.96,-157.53,-278.
314.22,3.67,-299.61
76.80,-81.62,-182.26
168.07,50.59,-50.75
209.03,87.14,-127.49
10.72,150.74,-173.65
-22.40,214.63,-112.4
39.48,178.39,-123.06
21.12,229.88,-171.16
-59.82,197.59,-200.9
-72.47,200.50,-188.7
-0.02,106.47,-221.85
69.05,-37.89,-177.21
65.30,-16.05,-64.29
136.97,38.78,135.07
96.50,40.22,268.95
61.01,-21.37,508.23
-95.18,-17.49,436.93
-188.07,-129.80,328.
-35.15,21.25,274.97
-301.10,94.36,150.40
-578.48,78.49,-46.90
-120.59,-32.25,-90.0
-339.24,14.36,-166.0
129.08,-61.72,-130.0
-610.27,-54.81,-403.
208.64,-23.55,-6.82
202.75,123.88,-60.29
174.41,185.58,-85.43
136.60,251.25,-122.8
73.26,256.01,-216.18
-13.39,215.07,-220.3
-39.73,201.78,-215.6
62.68,120.48,-216.04
43.77,29.51,-203.71
64.21,15.13,-96.70
90.40,-20.81,64.00
116.28,-15.95,159.95
131.53,0.66,282.04
-112.14,32.99,395.31
-312.86,-125.93,324.
-189.47,-243.15,324.
-339.72,-297.29,42.6
-243.94,-172.23,42.7
-409.74,58.54,-20.01
28.44,176.58,-25.98
305.47,192.40,45.38
-31.92,164.91,-322.8
395.60,-41.44,-29.86
-78.68,26.48,-31.03
267.55,103.13,30.06
-34.02,203.96,-56.81
93.74,255.93,-105.55
96.50,281.58,-165.65
42.16,288.20,-199.84
53.74,226.30,-220.38
79.97,55.78,-267.22
-47.74,3.19,-237.43
59.84,-33.81,-52.36
113.60,-21.49,59.51
132.68,17.08,149.85
139.44,41.09,285.07
-68.72,6.51,366.52
-194.38,-137.59,364.
-342.68,-432.53,210.
-70.72,-321.89,125.8
-290.94,-217.46,-72.
67.96,-22.75,26.38
-295.64,156.83,236.3
-610.54,191.06,-52.5
250.45,3.91,-153.17
481.18,77.52,-312.76
99.88,145.69,-192.01
97.90,12.47,61.72
75.48,168.07,-6.51
14.16,212.80,-39.46
77.48,249.40,-76.35
55.16,245.44,-156.22
-21.25,276.33,-139.6
84.12,246.00,-191.93
129.78,123.47,-206.2
50.16,-4.08,-69.73
86.51,17.17,35.71
80.69,24.21,107.30
36.80,-3.52,165.57
-190.15,-16.81,329.1
-250.37,-243.38,232.
-332.59,-432.28,143.
-221.89,-129.20,257.
-196.63,-36.91,243.4
-483.59,-22.44,-53.9
102.25,-122.63,-30.8
-501.47,80.94,-474.8
55.66,16.53,-271.92
93.94,94.25,-139.81
89.02,67.53,26.29
177.85,78.74,-7.69
460.94,178.55,3.03
172.19,199.51,-83.72
27.53,268.25,-56.38
14.65,283.03,-139.79
10.43,267.59,-181.44
-19.74,216.78,-182.3
31.20,98.39,-204.56
35.53,16.42,-163.39
78.61,-20.01,-47.09
64.00,-4.18,58.36
72.04,-25.24,122.44
76.70,30.64,198.31
-100.64,32.58,252.34
70.91,30.54,402.89
-197.39,-143.17,314.
-266.71,-330.50,157.
-69.46,-249.09,165.6
-149.19,-124.36,125.
-636.63,-126.95,47.7
-307.75,-29.43,56.11
-304.50,-80.80,-267.
-58.11,63.82,-480.56
-59.10,-6.47,-343.59
-108.45,77.11,-93.98
89.95,185.25,87.54
118.69,164.64,127.90
172.85,114.92,83.48
75.65,-143.75,-57.12
96.56,-152.88,-50.14
80.69,-62.44,-117.77
-170.79,-147.11,-264
137.24,81.37,-171.92
60.54,42.04,-76.90
124.59,109.36,-39.11
217.87,170.04,-63.61
17.12,170.54,-64.13
-96.68,173.48,-41.32
-161.53,48.75,-45.09
-155.35,133.03,-35.6
-131.84,165.78,-58.5
-102.45,171.20,-138.
-124.87,131.76,-162.
-121.51,120.01,-207.
-91.95,109.32,-214.1
120.22,3.46,-180.30
144.29,-34.31,-3.69
157.62,84.34,65.45
130.23,100.89,84.80
68.14,211.81,114.04
125.80,197.86,154.90
2.27,188.40,105.61
-187.64,-10.98,185.3
143.73,-1.40,233.78
186.14,-44.65,133.36
64.31,-42.41,40.35
73.83,-49.41,-26.33
71.67,3.44,1.92
130.79,-75.79,8.12
22.19,23.41,-32.12
83.68,38.99,-45.72
-26.58,27.90,-38.68
-188.44,51.87,38.12
-100.15,76.63,192.87
-65.16,247.65,224.53
-80.28,125.45,140.25
-178.53,1.44,-34.95
12.45,-30.52,-44.39
104.86,-191.82,-64.1
9.40,-111.60,-38.72
148.49,17.25,48.78
-184.26,85.27,61.94
-212.57,123.70,177.5
47.93,71.13,34.04
-163.68,139.69,-26.1
-287.21,-38.58,4.62
-96.83,36.49,132.31
-21.95,-103.86,64.13
69.59,99.30,-15.91
-129.16,34.68,-27.47
-128.19,-65.53,-178.
-299.43,-119.08,-139
-222.77,-96.87,-44.4
-481.73,-257.93,-75.
-414.31,-233.45,-12.
-125.31,-107.85,-66.
23.45,36.37,-113.54
-177.48,18.67,62.52
-99.20,50.73,116.61
-79.66,168.46,178.10
-56.63,98.25,264.75
42.72,92.89,-50.14
-245.24,-20.46,138.2
7.60,-70.31,-52.96
-135.71,-107.83,-206
296.96,32.43,-234.60
136.00,38.90,-319.31
167.98,64.06,-202.99
15.93,59.68,-60.01
196.77,-7.75,-59.37
186.22,9.87,-59.53
166.40,-7.29,-59.68
281.03,-12.32,-19.04
269.61,21.16,31.44
183.27,26.75,14.22
179.32,41.65,36.25
231.59,48.84,86.71
81.60,64.93,80.14
97.18,115.64,102.68
71.42,125.84,143.79
43.09,101.96,171.55
16.86,19.27,107.21
25.86,-33.84,64.74
2.14,-64.13,-34.06
-31.77,-80.71,-118.4
-23.74,-79.29,-193.4
11.66,-73.21,-160.98
-18.15,-74.31,-183.8
16.81,-60.46,-188.90
34.60,-55.99,-119.17
-131.57,-157.16,28.6
-173.98,-197.30,182.
-541.97,-448.25,61.5
-176.88,-358.20,-162
100.78,-168.62,-184.
16.98,-146.04,-180.3
-159.95,-111.95,-74.
-49.04,-14.86,3.19
-83.43,-66.45,21.76
50.20,64.95,102.04
-0.08,112.00,96.44
-177.50,45.60,109.67
-171.96,-22.56,75.77
-53.86,-57.26,-22.38
63.78,24.85,26.44
50.81,37.67,27.45
-55.08,52.98,-9.69
56.26,33.38,3.83
31.40,22.81,-3.05
5.32,7.31,-36.62
-249.54,-15.15,22.17
-17.27,101.65,93.20
44.57,124.69,61.53
61.55,193.49,34.74
-6.68,94.29,35.81
-87.54,52.17,-48.82
-147.19,42.78,-47.52
-95.70,47.93,-16.82
-68.37,36.95,-16.20
-57.97,13.43,-10.96
-8.28,39.03,-19.21
-10.16,36.43,-23.37
-54.79,-13.87,-19.51
-101.82,-33.59,-22.1
5.40,3.42,-28.56
-90.71,0.19,-43.38
-89.16,23.02,29.05
-13.09,35.86,47.37
-8.98,77.87,85.99
-105.36,49.33,10.71
-41.07,26.36,-33.49
127.35,13.08,25.76
-16.01,-55.64,90.09
-82.20,-41.34,77.91
-100.48,-58.54,56.91
-74.24,-46.53,-12.40
386.28,47.13,303.51
636.61,389.46,69.75
483.63,405.94,-636.6
-293.95,-68.12,-636.
-547.49,220.01,-410.
-147.34,168.93,115.4
-180.45,-54.67,206.8
9.38,-209.20,157.78
-230.05,69.55,-74.39
-25.63,-18.17,-35.67
-103.42,8.84,-142.24
91.02,147.21,-115.62
175.87,131.51,-125.8
131.69,87.68,-130.13
-128.50,-47.95,-125.
-316.94,5.81,86.94
-273.88,-45.09,61.01
-341.16,-39.38,-13.6
249.54,-58.13,-138.8
37.19,-208.43,-348.1
75.19,-149.66,-289.9
160.03,-33.67,-48.75
-71.75,118.26,138.74
7.83,75.13,-31.16
-70.16,78.90,22.15
123.70,36.60,94.19
176.20,67.47,162.91
93.63,41.13,136.47
8.20,39.26,28.89
11.04,60.62,-52.79
-73.30,38.90,-239.12
-273.26,62.38,-434.6
-58.67,186.36,-321.2
-84.16,-97.24,55.95
408.38,81.25,280.45
-97.49,24.42,296.71
-70.23,-100.72,244.1
302.31,-82.67,161.53
71.22,3.75,89.20
64.13,21.62,77.50
-21.20,55.35,55.72
13.39,-14.38,108.37
45.70,-27.84,136.06
137.18,19.95,138.17
197.00,105.59,64.91
159.43,106.08,7.64
115.17,86.86,-16.71
-104.56,73.58,-79.31
-124.38,265.55,-35.2
-53.74,49.00,2.35
-190.46,106.31,-39.9
-45.64,47.97,23.41
-76.31,72.20,10.26
-115.48,51.27,-64.04
-278.25,2.16,-39.52
440.23,-46.92,-54.67
453.13,-42.26,-152.9
63.86,-163.08,-100.6
51.10,-270.54,-85.95
-27.65,-99.61,-132.4
95.68,-17.21,-19.25
-54.28,-31.10,-16.84
134.48,14.84,29.82
3.52,43.40,0.99
-28.02,54.36,47.37
115.21,-8.72,98.13
175.28,-24.29,125.57
96.83,10.55,-31.10
-112.63,-20.05,66.10
-34.70,-84.46,27.51
-132.02,-80.32,-93.2
-135.36,19.18,-166.7
-272.21,29.76,-37.63
-3.56,4.41,265.14
-25.82,-2.35,44.39
355.23,-71.19,-165.5
-98.62,11.04,-253.17
-18.69,-6.88,-105.57
13.52,9.66,46.10
62.09,30.37,111.05
99.47,73.96,121.82
87.51,187.85,202.74
67.36,89.27,252.51
83.66,55.53,287.31
121.14,24.40,134.33
-7.73,19.27,58.07
-79.35,60.75,-6.94
-109.81,89.80,-92.98
-243.61,106.25,-108.
-127.97,289.11,-0.19
232.40,94.38,-177.21
-56.25,15.46,-209.22
-21.37,45.42,-53.35
-42.04,-241.18,-177.
-43.07,-195.31,18.03
30.74,-112.96,-48.77
27.98,-71.17,-65.49
178.08,-91.37,53.72
-35.92,-3.75,67.24
29.53,0.08,63.84
96.64,-51.19,119.68
-49.17,47.52,48.80
-82.08,140.72,-37.90
-46.32,89.80,-34.00
54.15,34.39,17.00
-36.39,7.75,-13.11
-42.84,13.89,-25.82
-127.04,39.54,-230.6
-68.97,38.62,-427.89
-222.30,-37.07,-636.
30.39,206.82,-466.48
-42.41,41.91,135.92
70.68,-67.73,420.61
180.49,-285.66,585.8
305.45,-108.57,480.9
92.56,-127.08,150.24
314.49,51.21,185.93
57.14,83.46,101.59
10.63,56.38,55.49
167.24,58.54,79.66
163.98,81.74,-40.76
-82.71,194.13,-27.45
-148.04,119.00,-74.5
-436.59,56.77,-51.45
25.18,-25.33,-135.92
-159.78,-63.32,-75.1
-447.22,-157.97,-113
-310.39,-67.71,-66.4
112.35,9.83,-107.48
-35.88,-62.19,-40.28
281.61,-25.72,-35.40
112.61,-31.88,-52.73
33.96,-7.15,23.96
44.45,22.19,22.85
109.83,8.41,-11.91
-80.22,32.48,-24.01
-70.80,-14.55,14.36
-100.87,-3.81,-111.4
4.10,12.18,-155.52
-75.29,-11.42,-485.4
-339.14,-31.80,-558.
2.49,-44.32,19.62
256.53,-49.35,288.90
445.03,198.66,616.19
138.93,21.25,558.10
122.09,29.65,190.13
257.43,99.16,121.43
29.78,120.96,17.68
47.07,81.64,73.09
-115.73,91.90,5.36
-188.59,111.50,45.60
-266.54,-2.39,77.03
-120.63,66.56,114.49
-134.48,103.92,-42.3
-7.27,-42.49,-232.64
124.59,-19.93,-14.30
164.97,-41.09,-18.05
129.82,0.93,-34.91
-387.89,-81.89,-127.
-437.16,-180.80,-156
323.39,-54.89,-158.6
-275.81,-96.91,-236.
48.94,-94.66,72.57
56.73,-13.48,88.28
94.95,35.11,41.77
74.78,94.95,33.88
60.66,63.18,38.12
6.68,83.33,-33.53
66.89,27.26,27.53
-65.24,-54.30,-15.80
-192.61,-79.54,-15.7
-56.36,-11.39,-103.1
-190.15,-41.85,-189.
-279.30,-32.74,-320.
-41.48,38.49,-534.79
-259.41,-31.40,-440.
-155.29,-0.37,-201.6
35.34,-32.68,82.55
157.72,-88.79,127.12
125.14,-141.11,173.4
334.63,-6.61,429.93
-101.80,9.05,380.72
84.53,-2.10,209.30
282.45,153.70,104.08
71.75,108.64,80.03
66.97,88.46,64.44
211.19,56.15,113.05
2.08,70.08,52.38
-106.29,54.67,42.72
-195.08,74.92,63.47
27.18,31.61,-9.00
-210.78,-77.01,-150.
-465.00,-61.70,-135.
-190.98,-155.70,-238
-63.57,-119.27,-248.
127.90,-19.10,-29.10
47.97,111.27,-11.02
42.53,52.30,79.85
405.94,174.72,-12.55
70.14,129.04,92.27
-117.74,-46.49,1.17
68.08,-61.67,-36.47
-117.08,-50.90,-182.
-147.40,24.03,-380.5
-347.42,-50.40,-636.
-434.71,-14.14,-490.
18.59,131.18,-26.05
407.41,-63.78,451.96
-52.32,-23.59,603.29
319.60,17.52,623.48
25.68,-15.56,47.33
197.88,139.24,42.16
77.13,-83.89,-126.17
62.64,-57.24,-209.42
169.78,-36.97,-203.3
181.87,3.11,-245.89
-6.28,-163.37,-239.2
-247.01,-200.42,-149
-150.41,-159.49,-116
-27.59,-118.32,8.59
-369.55,-66.78,-37.7
-129.35,-0.43,-70.80
-77.05,-20.73,-19.72
-93.66,13.41,-94.58
-180.45,34.72,-312.8
-203.63,-19.31,-386.
-183.13,-78.00,-278.
-80.55,-94.07,-254.9
-116.40,-9.71,-235.5
-62.99,-4.49,-133.36
34.21,-36.80,-32.70
-12.67,22.28,-57.08
207.86,-7.09,179.95
208.87,88.75,507.43
154.20,-24.67,494.55
427.68,24.09,401.33
229.95,-6.94,193.04
-167.10,-0.45,-88.05
-82.38,13.15,-43.56
-76.06,49.52,-53.45
-104.02,42.61,-65.69
-116.96,48.94,-50.28
-21.68,24.50,18.90
36.08,-19.49,-4.72
13.74,-6.47,39.42
5.01,-26.27,17.62
29.47,-35.24,6.84
99.75,-42.00,26.62
164.29,-61.34,104.60
260.34,-63.71,93.22
44.22,-25.10,44.28
82.53,-77.54,46.49
3.28,-63.82,0.80
-99.78,-8.70,-172.08
-80.72,102.93,-224.9
55.68,76.82,-210.93
18.03,25.47,-75.36
-2.55,37.61,69.88
58.11,33.30,214.66
-122.77,-74.92,174.3
149.54,-68.21,55.58
-119.56,-99.78,-72.9
17.70,-40.78,-87.14
164.34,-42.84,-69.03
92.73,-100.37,-45.62
-2.84,-33.05,-27.86
-5.13,-9.46,0.25
96.44,-100.27,206.93
-109.50,-320.55,293.
265.92,-26.38,220.67
4.10,-182.18,194.94
106.25,-62.97,100.52
-17.91,-38.51,21.04
9.11,-11.35,-16.22
-3.50,-3.30,-27.47
5.60,11.66,-13.02
4.08,-7.75,-3.89
-14.57,-8.51,5.36
-31.57,12.82,11.13
-137.28,36.49,-5.85
13.02,167.55,-240.21
77.05,205.55,-345.28
-92.11,166.93,-277.6
-100.52,-42.00,89.90
118.61,-89.82,29.36
-22.40,-278.51,48.59
49.11,71.87,25.90
118.11,10.24,6.90
-19.45,-24.17,-84.88
112.94,31.88,2.14
-137.22,30.08,89.68
-127.51,64.74,85.19
-150.16,-134.95,-141
-2.00,-60.40,-46.67
60.44,44.36,34.54
103.79,247.17,166.17
372.15,-56.87,48.73
20.57,56.71,42.92
6.02,-32.99,40.82
14.49,-137.81,-124.5
20.81,35.17,-19.99
37.69,154.40,-63.61
-237.80,24.29,78.34
-34.14,17.02,-57.86
-35.48,-9.89,-16.63
3.46,-6.28,-13.93
113.60,-74.14,-42.06
55.82,-27.84,-29.73
87.33,85.78,128.91
-75.29,230.30,-135.7
-455.85,-339.01,-104
323.07,65.88,-86.18
69.01,3.89,-55.95
199.90,84.34,-24.25
-70.80,85.85,-24.15
32.97,9.36,-27.67
-429.58,-202.04,-46.
-353.91,-19.54,-46.2
-233.72,-3.79,-49.66
-372.75,168.91,91.35
84.32,32.76,56.17
-345.51,-93.70,-39.0
-214.86,-72.37,-133.
-12.86,21.86,-71.94
-25.00,-25.86,37.32
92.87,80.76,18.26
-31.44,57.45,71.30
66.99,59.22,93.94
-318.14,19.00,-112.0
-24.32,-33.28,-193.6
-48.36,53.54,-30.97
-124.83,-10.88,-33.0
-452.86,-55.25,-60.9
-192.57,-98.54,-90.8
141.71,-10.86,-88.19
100.31,-10.12,-3.57
-123.16,-8.57,64.02
70.99,128.27,98.19
292.55,-31.63,69.94
251.75,5.11,49.15
163.41,-21.22,-97.20
-202.46,-34.45,-106.
-5.28,-58.38,-1.83
-21.66,-8.55,91.12
85.78,178.04,24.83
-97.74,84.40,4.27
-161.49,-43.93,92.89
85.48,-68.70,-95.37
-164.21,-205.77,-141
-48.07,-123.25,-110.
14.63,27.90,55.22
56.94,12.16,72.10
180.22,62.60,22.77
478.89,269.28,-16.88
-636.63,-3.24,82.07
11.66,68.35,89.90
103.50,-55.95,-81.46
-180.98,-98.00,-193.
-408.35,-47.95,-28.5
-261.39,-129.20,45.8
-143.75,123.82,251.4
154.01,103.96,148.08
21.76,109.65,157.51
-111.89,32.46,28.38
-38.39,-69.20,-50.67
-316.22,-58.21,-141.
147.99,58.56,20.52
153.66,-48.92,24.65
53.31,69.61,70.29
-22.09,140.84,130.01
152.36,-8.70,124.05
-5.67,-120.07,26.79
-173.09,-249.25,204.
157.08,50.03,-77.54
273.49,121.31,-102.4
63.86,107.77,-161.08
77.89,45.54,-137.53
75.17,-106.04,-16.13
-636.63,5.98,22.52
-39.26,87.97,93.00
-45.11,129.20,80.39
21.57,94.05,61.82
524.96,26.66,129.37
-131.34,-62.87,61.96
-70.31,-113.52,-66.1
-26.34,77.48,2.02
-200.87,-17.93,-130.
80.43,28.56,-14.07
31.67,4.37,-23.66
-25.14,-9.77,-33.13
13.31,-9.48,27.72
37.67,-9.27,30.50
8.33,13.19,9.69
16.42,4.04,-0.35
6.04,-3.11,-11.19
-11.02,-0.10,-4.78
-11.83,3.89,6.55
27.20,5.07,2.33
-21.33,-4.74,3.75
13.06,-2.95,-22.91
-21.29,-0.68,-12.45
-26.77,-2.99,-4.12
-8.12,-22.94,-7.50
-39.75,-20.13,5.73
20.59,-1.34,-4.29
-35.57,3.48,-16.92
-185.48,-7.01,-7.25
60.09,50.94,-66.74
221.25,26.91,20.65
216.20,30.41,-4.25
636.61,41.27,273.03
143.05,138.43,105.42
-30.06,5.07,62.79
-457.95,-172.76,10.3
-7.15,-154.61,2.16
230.63,-78.72,-48.01
144.24,-13.74,-8.53
127.49,64.81,9.31
152.82,135.01,15.06
-87.47,48.49,-74.82
-71.05,-45.29,-55.68
-16.11,-14.86,-45.70
239.96,107.07,-27.24
90.63,75.89,-43.68
54.38,78.84,-51.31
-16.53,-63.08,-20.75
-126.93,-117.29,-21.
-37.92,-142.64,-119.
14.01,-19.95,-14.84
-45.52,24.81,102.97
166.27,253.58,53.70
77.44,69.57,34.37
38.39,84.38,-21.31
-64.09,-6.63,-16.92
-183.11,-81.04,-88.1
33.40,-67.18,-34.87
243.46,-177.67,-106.
123.68,-62.52,228.48
162.54,161.78,315.98
606.81,215.38,-6.14
413.71,267.49,90.65
-636.63,15.35,-271.6
-128.48,-192.36,-76.
294.90,-49.35,100.87
106.12,-62.83,-29.16
113.03,-21.20,-85.43
-65.53,-82.88,-35.85
26.60,-14.45,105.42
-1.38,-7.99,-12.38
-5.56,-32.85,-8.30
209.11,-53.43,163.96
-126.09,-231.37,178.
-248.68,-216.65,-222
146.53,60.40,-111.27
245.36,18.28,-5.81
-53.16,-50.18,-5.54
-87.51,-197.06,14.42
-76.84,-49.79,111.85
-26.13,26.68,41.67
87.16,115.54,-53.04
222.11,168.93,0.60
-148.96,-86.01,32.54
222.46,162.13,83.33
-258.65,132.99,29.67
-19.80,113.44,64.97
-103.38,63.30,-82.71
-17.35,55.06,-26.46
22.07,-24.09,9.44
-101.18,-34.95,-43.2
189.17,-11.42,54.61
-68.27,144.84,-47.46
12.36,119.80,-186.01
-88.94,30.83,-40.41
-131.03,-42.37,111.1
90.11,-40.14,153.33
-22.05,-2.43,23.76
-3.59,-44.88,-36.78
42.33,66.41,-12.92
121.33,11.37,159.74
12.61,-155.60,222.86
-291.21,-19.62,-142.
274.15,-25.04,-93.33
203.98,66.29,-85.76
177.42,152.59,-76.66
-6.16,86.18,-227.08
-280.60,44.26,-74.88
-105.81,-13.13,43.50
106.93,-162.40,70.19
18.75,-129.16,82.65
62.17,-42.92,14.63
92.44,-53.72,30.06
-48.80,-95.45,-39.09
71.46,42.45,5.46
89.68,13.79,-31.78
25.32,-104.45,-117.4
-39.48,28.02,-4.72
-139.26,137.81,46.80
231.63,-77.15,76.06
-85.64,-29.30,75.44
49.56,39.23,-43.64
175.83,27.39,-33.55
211.09,285.19,43.99
-101.63,-5.77,-15.02
-102.52,-61.04,-53.1
-10.78,-73.17,-7.09
54.03,-32.56,-14.65
40.82,-80.45,-9.35
30.39,-25.41,-33.59
31.24,-27.20,-54.19
-13.25,-79.21,56.17
114.28,-62.64,-44.49
75.01,-47.95,-19.88
38.12,-92.81,11.60
76.63,-64.56,8.14
-282.61,4.53,103.34
-249.23,110.39,30.23
-150.38,115.04,-48.0
-114.03,38.37,-41.38
-151.79,39.48,-128.9
-196.56,21.18,18.28
-35.36,45.15,-16.03
133.90,95.04,-52.18
232.29,117.02,-28.25
139.67,148.36,59.18
164.23,206.33,133.59
380.19,208.54,141.52
295.31,60.85,196.71
249.62,-116.43,177.7
195.53,-156.75,164.5
274.48,-9.15,82.32
61.39,68.10,32.06
35.15,197.18,126.61
25.98,330.17,292.57
197.72,-9.42,388.06
5.69,19.47,234.31
-89.02,-115.33,88.67
145.30,-135.55,46.78
149.64,-160.09,-33.2
140.89,-250.90,-135.
-42.26,-281.85,-263.
465.27,-136.50,-196.
316.16,-156.73,-27.3
326.07,-160.42,57.10
336.79,70.25,57.99
597.87,46.59,-12.05
150.73,17.29,166.15
155.52,-90.71,113.21
-192.50,-112.86,0.33
-223.83,4.97,32.23
-104.60,32.52,-123.1
-42.78,65.78,-100.78
-51.72,41.54,-17.43
-21.62,58.23,-9.75
43.33,38.49,21.55
-48.28,-24.83,31.59
369.82,-11.93,129.00
281.01,-33.57,109.19
129.61,-89.95,16.63
-160.85,-44.96,-89.8
43.17,69.73,-146.63
34.74,129.47,8.10
174.25,98.11,27.70
145.73,9.69,45.93
64.17,-9.83,75.87
47.00,-48.34,111.85
157.39,7.67,149.48
-2.10,-5.89,43.05
-84.01,4.33,-89.55
17.35,-61.20,-190.63
2.91,42.78,-64.19
93.98,78.16,69.63
85.93,-1.34,73.01
149.23,-31.90,42.74
212.51,-9.27,107.98
222.16,-27.24,139.94
77.19,-8.68,81.39
5.67,-74.84,170.46
18.03,-49.72,118.16
-282.53,-105.67,-96.
-15.13,26.52,-156.73
109.71,38.10,-39.93
24.44,28.79,-12.63
87.78,2.60,52.07
255.04,-4.12,1.96
98.85,-67.36,79.35
44.20,-32.04,81.75
-65.36,-41.36,-19.18
55.66,-52.71,9.77
-101.46,-84.67,-84.0
-129.65,80.16,-140.7
-85.83,118.57,-129.7
63.47,15.45,-56.05
58.77,43.83,77.58
-3.79,108.24,108.47
534.84,-119.50,229.3
252.55,93.76,167.08
162.11,-13.25,54.28
-55.82,-7.58,-30.50
-99.96,11.05,-58.48
-64.74,-44.55,-141.7
-4.25,-99.24,-264.94
75.85,-84.24,-3.54
-179.62,-60.21,-10.9
81.89,-32.52,105.01
136.35,19.47,64.35
295.12,23.20,-8.59
-261.97,3.61,53.43
6.29,-10.84,16.51
-8.90,-33.26,4.27
-9.93,-31.38,6.68
235.78,-104.23,-17.7
-65.96,-105.40,-29.9
153.85,-50.81,47.56
258.15,-92.07,71.79
298.34,-14.88,71.94
429.64,8.76,155.00
135.34,66.72,167.01
130.50,-43.05,77.81
117.25,-87.00,26.93
124.92,-72.82,-9.95
117.00,-55.02,15.19
21.80,-41.91,-35.26
288.69,-73.87,1.94
144.62,-29.98,17.68
119.37,-50.77,27.28
185.44,0.91,54.34
55.41,-11.64,38.14
-76.39,-28.68,-79.40
-56.63,-36.41,-139.5
-94.89,-18.07,-97.92
-248.66,-8.68,-161.3
-87.51,25.26,-199.76
-71.34,1.24,-106.31
-158.52,21.88,104.16
76.92,29.69,27.53
181.36,140.99,76.59
96.38,107.40,76.20
-137.32,23.59,82.69
-3.69,-6.04,43.01
-37.30,-20.52,-24.50
-27.94,-77.07,-73.44
-172.37,-34.00,-22.1
-83.48,-85.52,-22.96
-195.74,-89.43,-35.1
-141.19,-18.59,-53.4
-183.25,14.42,12.36
32.56,89.23,18.83
-32.04,90.56,35.67
-53.97,6.80,61.20
-31.69,39.48,86.09
27.57,32.08,85.82
62.17,-28.29,4.39
47.21,-55.08,-22.79
-39.60,45.46,-2.43
-57.62,-0.89,24.48
33.40,-59.02,35.53
-29.45,5.58,0.93
27.96,-1.24,10.63
-26.58,39.23,-41.03
-75.17,-1.55,-46.10
-95.37,-18.71,-16.51
-19.72,-26.40,5.69
-12.16,-18.94,4.84
13.54,-10.67,-20.52
55.78,-57.99,17.87
34.80,-27.24,-4.72
74.99,-45.95,40.78
96.05,-35.75,43.40
124.15,-27.41,19.02
29.76,12.96,-25.63
88.63,3.19,1.61
112.65,-36.14,11.56
88.20,-42.06,-7.81
115.37,-54.71,-17.19
76.78,-67.67,-15.31
101.01,-64.81,-20.81
89.27,-76.72,-7.77
121.52,-46.86,25.26
21.08,-6.90,-26.56
65.45,-25.59,-74.41
48.07,88.73,-36.70
102.54,82.86,-13.56
79.68,26.11,23.00
149.15,7.19,56.48
72.47,19.45,54.90
87.86,9.48,23.51
-14.73,23.99,-16.49
-5.95,31.92,-26.11
-59.63,-10.88,-93.00
-103.59,-7.52,-134.0
-92.91,-39.42,-53.37
-19.99,39.21,-30.70
-23.61,-37.96,2.39
12.53,-0.43,27.61
77.13,-17.39,26.91
132.05,-2.89,18.36
20.69,29.96,-84.03
-172.10,-31.42,-95.5
-43.29,81.21,-17.82
5.17,-25.70,-22.69
30.85,16.11,5.67
31.28,-6.31,-0.49
31.67,3.30,14.67
27.34,15.10,39.25
4.00,38.24,-31.10
-55.57,7.01,-46.05
-31.77,-13.58,-60.66
-19.31,-12.88,-38.58
-43.31,2.51,-30.81
-2.93,11.54,-15.52
29.45,14.18,-2.33
29.05,-12.18,11.48
41.65,-35.22,17.12
-26.52,16.18,-0.16
-10.22,19.35,-19.82
-15.78,3.36,-10.30
-4.14,-1.85,-4.35
5.38,-0.17,-8.12
-8.82,-3.36,-2.55
10.28,-11.07,4.59
22.05,-14.96,18.52
28.87,34.16,8.86
69.63,24.93,9.07
33.98,39.67,21.95
42.76,1.94,40.90
188.53,-44.90,32.56
-28.13,-14.20,-37.54
-7.38,-34.23,-9.85
-11.48,-13.17,24.15
-53.00,-1.38,-31.55
92.85,92.60,38.68
75.44,51.95,87.97
331.14,81.35,85.97
-45.58,19.54,23.88
55.91,22.09,-34.58
-67.20,-6.92,-18.83
-1.63,-1.94,-9.87
1.07,-2.04,21.78
-28.64,-3.28,9.19
-15.12,-6.64,-3.09
