aX,aY,aZ 
-72.44,32.64,-8.43
-71.79,28.69,-12.85
-71.23,28.41,-11.88
-72.88,27.83,-11.45
-73.05,27.29,-11.30
-72.23,28.44,-10.61
-73.11,27.33,-10.23
-72.75,28.23,-10.90
-71.69,28.00,-12.12
-72.54,28.29,-12.18
-72.23,29.06,-11.86
-72.50,31.09,-9.96
-72.57,32.04,-7.72
-70.06,32.14,-12.22
-68.05,34.67,-11.11
-69.13,38.19,-10.34
-68.55,39.23,-11.93
-66.98,41.83,-13.39
-63.28,41.89,-14.92
-63.94,44.71,-16.61
-65.14,43.84,-16.86
-64.74,42.20,-19.31
-63.25,39.42,-20.19
-64.09,38.10,-19.86
-64.41,38.92,-22.47
-65.45,39.82,-25.00
-61.83,43.82,-29.00
-65.62,41.33,-30.55
-62.63,46.89,-29.46
-62.38,45.99,-27.14
-62.81,47.58,-27.22
-59.89,46.89,-28.06
-59.53,46.70,-28.16
-58.94,47.98,-28.06
-59.26,47.81,-27.49
-60.30,47.64,-26.03
-61.39,48.15,-26.53
-59.91,47.96,-26.57
-58.48,47.21,-26.11
-59.84,47.77,-26.76
-59.01,46.85,-25.42
-61.77,47.83,-26.37
-60.58,51.77,-27.98
-59.32,47.27,-25.51
-58.86,48.27,-27.89
-58.52,46.72,-26.30
-58.44,48.98,-27.20
-60.87,47.10,-24.92
-63.65,46.62,-25.78
-64.51,45.72,-27.22
-64.57,41.33,-25.03
-68.78,39.59,-23.90
-71.02,35.07,-22.20
-94.39,40.13,-21.87
-75.33,36.11,-19.17
-50.03,20.51,-5.63
-78.49,23.08,-22.95
-68.17,26.47,-28.18
-76.02,28.10,-28.52
-72.82,17.64,-26.20
-69.43,30.68,-15.71
-70.29,17.85,5.17
-74.66,19.17,14.06
-65.58,10.82,8.06
-64.63,13.52,18.08
-75.27,20.40,26.70
-71.85,12.35,14.04
-74.60,9.23,21.34
-75.37,0.77,16.09
-72.69,-7.99,20.88
-86.27,-9.90,-9.94
-97.55,-7.99,-34.46
-73.59,2.70,-25.63
-77.44,-3.51,-19.82
-79.20,-8.31,-8.72
-75.35,-14.88,-4.41
-73.70,-7.26,-3.41
-77.73,-10.25,-5.69
-76.71,-6.42,-3.58
-74.83,-5.46,-3.28
-77.48,-9.12,-4.23
-80.56,-17.97,-10.40
-71.90,-11.99,-3.72
-79.01,-7.30,-3.68
-77.42,-3.18,-3.20
-75.41,6.59,2.62
-80.10,13.47,1.44
-76.83,5.23,9.52
-69.78,23.50,7.83
-65.07,21.99,11.03
-69.01,22.12,22.39
-64.40,15.82,19.10
-67.38,12.83,21.74
-68.40,17.03,18.48
-78.40,19.86,3.72
-71.37,10.06,-1.17
-74.05,29.90,-21.03
-72.48,10.67,-4.04
-82.38,5.44,-3.66
-77.82,22.26,-6.23
-79.58,5.42,-5.88
-90.23,19.50,17.85
-58.67,30.76,10.57
-72.88,11.11,26.89
-66.83,19.38,9.19
-60.79,22.33,2.59
-60.09,18.27,8.75
-124.56,-9.00,9.35
-82.48,44.48,4.42
-68.76,20.02,-6.34
-72.13,25.42,-9.19
-73.28,24.48,0.29
-90.77,2.87,2.89
-57.88,61.62,16.41
-69.20,6.36,13.06
-62.98,-1.32,24.88
-68.23,15.50,21.11
-68.55,15.34,14.90
-68.72,7.43,14.61
-72.78,2.18,11.68
-74.26,30.09,2.30
-80.04,37.54,-3.08
-79.64,24.90,-2.01
-77.02,21.89,-7.95
-73.78,23.60,-6.03
-72.57,21.82,-7.72
-70.75,19.81,24.44
-67.00,26.74,19.77
-63.59,18.66,18.23
-67.90,27.12,13.06
-69.93,30.55,5.61
-73.36,32.47,3.05
-72.02,26.87,2.32
-72.02,31.60,0.59
-71.04,29.42,0.75
-72.71,31.34,-0.11
-71.73,28.69,0.73
-71.65,27.20,0.71
-70.56,30.42,-0.52
-82.34,35.11,-8.93
-64.78,45.76,-23.44
-76.40,33.92,26.18
-59.91,-5.96,19.38
-65.66,39.34,25.90
-61.58,18.12,24.50
-62.61,17.54,27.83
-84.24,17.83,26.51
-68.34,14.61,16.57
-77.44,14.19,-2.45
-81.27,44.09,-23.77
-77.42,30.09,-4.88
-77.40,35.70,-4.83
-55.78,3.05,44.00
-64.17,10.46,34.34
-57.71,26.57,28.29
-64.95,27.06,28.04
-59.49,20.67,29.06
-68.07,22.64,22.52
-74.68,23.64,14.02
-73.65,18.46,18.10
-72.11,21.78,12.05
-70.81,17.35,15.97
-73.47,18.04,15.53
-72.17,19.98,16.59
-70.28,21.64,16.01
-72.13,21.93,14.48
-69.72,22.66,15.61
-71.25,22.58,16.97
-70.24,19.56,14.44
-70.03,22.28,15.46
-71.02,19.58,13.92
-71.46,20.69,16.34
-72.21,22.49,16.72
-71.56,22.08,16.17
-73.69,21.39,14.77
-68.38,27.22,20.13
-66.58,12.35,29.15
-61.66,9.83,30.78
-63.61,44.71,3.96
-72.65,40.17,3.83
-71.39,35.05,9.94
-58.61,24.98,17.39
-65.31,26.43,40.82
-55.43,21.85,31.57
-66.06,31.51,13.89
-84.89,33.12,0.98
-79.16,28.31,-2.05
-71.44,19.65,2.11
-70.31,12.22,14.25
-66.62,29.02,28.75
-76.08,23.90,30.15
-67.96,24.52,16.91
-70.60,30.45,19.33
-64.51,21.55,20.78
-63.67,25.46,17.68
-72.04,25.23,14.10
-73.40,19.42,12.51
-75.49,18.77,1.09
-80.16,22.97,11.32
-73.49,18.60,3.05
-76.69,30.63,21.78
-59.26,22.85,17.62
-60.89,24.44,27.22
-57.65,27.35,26.45
-62.23,29.61,25.30
-64.22,29.78,21.64
-58.52,38.12,15.38
-64.89,28.83,21.09
-80.14,28.58,11.61
-68.95,50.64,-14.40
-69.97,22.12,-4.37
-74.26,20.09,2.22
-72.15,29.17,-1.92
-70.77,26.20,6.34
-77.29,17.58,32.77
-63.09,23.43,22.03
-68.80,37.08,12.45
-67.56,26.45,8.04
-74.47,33.71,2.70
-69.99,35.28,1.23
-69.39,28.83,4.94
-70.14,28.23,7.83
-69.30,29.08,9.06
-67.38,21.01,6.99
-70.68,26.18,10.84
-65.68,16.45,9.02
-76.29,37.69,1.61
-78.34,24.34,10.32
-77.63,26.89,1.95
-77.38,31.22,-1.59
-75.85,27.81,-4.50
-65.74,35.72,4.67
-61.22,7.49,31.80
-24.08,35.63,-1.49
-34.86,59.24,-45.43
-67.56,67.98,-57.35
-51.73,61.33,-61.68
-74.62,34.04,-51.47
-72.71,39.07,-50.09
-61.48,33.00,-48.59
-55.01,33.67,-45.64
-60.49,37.41,-46.60
-63.59,29.29,-44.13
-63.28,33.04,-43.36
-68.25,29.42,-46.03
-66.83,33.54,-41.05
-62.31,32.93,-41.05
-63.27,34.73,-39.92
-60.64,28.21,-36.49
-66.60,33.73,-39.57
-60.16,31.30,-38.86
-62.59,35.20,-38.69
-66.16,37.47,-34.99
-67.23,35.32,-37.14
-72.90,32.54,-35.84
-60.35,28.60,-33.56
-64.30,17.74,-31.64
-57.50,20.99,-35.32
-66.23,-3.96,-8.06
-86.46,27.79,-43.82
-74.34,4.06,-39.63
-95.08,7.81,-29.44
-65.30,7.24,-14.44
-93.49,-31.03,-32.14
-81.23,57.73,-23.77
-67.19,-12.09,-23.56
-84.10,7.58,-10.92
-86.25,10.30,-15.46
-65.70,20.65,-24.94
-92.23,-23.25,-17.74
-97.44,-18.31,-1.21
-75.31,54.24,-59.99
-68.93,47.65,-66.92
-63.11,-11.80,-37.37
-66.46,21.38,-18.20
-64.26,34.92,-35.51
-57.81,44.90,-57.31
-59.03,28.90,-43.08
-61.73,32.62,-45.53
-63.09,36.28,-46.41
-59.68,35.36,-46.14
-59.86,31.87,-43.77
-63.57,39.48,-47.62
-57.98,33.58,-45.38
-57.96,32.37,-40.51
-62.44,14.35,-34.59
-66.87,24.29,-51.39
-71.14,17.01,-40.30
-68.03,-9.02,-48.00
-74.41,21.15,-42.96
-70.16,11.24,-45.49
-62.58,-8.73,-56.66
-71.87,14.96,-38.08
-73.42,-8.20,-32.45
-74.76,6.65,-35.65
-71.23,-3.95,-39.07
-72.73,9.81,-48.71
-72.96,19.98,-39.82
-72.86,12.79,-34.96
-68.19,9.46,-37.66
-68.34,9.35,-38.96
-73.65,9.98,-37.56
-70.33,37.02,-21.99
-75.75,4.96,-43.10
-69.41,5.29,-41.93
-72.46,-1.32,-42.33
-75.58,16.99,-32.89
-71.21,-2.16,-46.66
-78.22,13.33,-42.06
-73.78,29.65,-40.95
-60.72,13.08,-30.44
-60.58,18.18,-30.82
-75.10,21.99,-47.67
-79.01,27.47,-45.72
-73.91,16.05,-40.99
-78.53,21.64,-38.71
-75.66,19.84,-37.45
-72.42,8.73,-30.24
-73.67,18.50,-25.76
-69.34,16.97,-17.89
-70.37,11.32,-7.20
-76.18,24.06,-6.28
-60.74,32.26,-2.87
-66.35,38.25,29.84
-51.03,29.11,28.94
-53.52,28.39,32.79
-59.42,-7.28,21.68
-69.97,23.10,-4.85
-112.89,-7.36,24.29
-81.92,-36.12,23.98
-48.15,-22.14,13.91
-44.30,-16.47,7.99
-78.24,-36.22,32.47
-82.50,12.14,8.12
-71.12,21.89,-31.80
-109.91,7.32,-0.54
-82.55,37.10,20.44
-53.54,7.64,24.94
-55.58,-1.47,25.15
-61.96,8.41,21.07
-66.94,15.00,23.44
-62.33,17.10,-0.52
-109.77,61.41,0.08
-73.99,30.88,6.09
-78.47,17.72,-10.55
-74.20,13.91,-3.26
-79.93,0.73,-4.90
-86.52,4.88,8.85
-84.24,19.40,33.60
-64.49,31.28,9.85
-63.74,8.62,24.33
-72.31,8.27,45.97
-69.43,17.58,19.27
-65.26,11.55,23.71
-76.33,16.01,17.16
-63.34,21.72,16.09
-77.90,13.70,12.83
-74.85,15.71,10.90
-74.95,11.84,10.36
-73.82,18.45,8.81
-75.01,13.08,8.91
-74.34,14.65,10.46
-74.41,15.63,8.06
-74.34,15.99,8.91
-74.37,17.33,7.26
-74.59,14.73,7.99
-75.43,17.58,6.49
-74.93,15.36,8.73
-74.74,12.99,7.20
-74.32,16.80,7.07
-75.08,13.96,6.80
-75.01,17.89,5.63
-74.43,17.79,5.06
-74.14,17.79,5.44
-74.82,16.30,4.48
-75.75,17.37,5.36
-74.26,17.87,4.41
-73.88,17.45,5.63
-73.46,17.01,6.03
-78.51,17.26,6.45
-74.57,16.32,4.75
-75.50,15.07,4.35
-75.70,15.27,4.88
-76.06,14.75,1.74
-74.39,10.90,5.29
-73.59,18.81,7.11
-78.84,18.41,10.98
-75.89,38.82,20.57
-62.69,38.79,12.89
-51.08,40.24,19.06
-47.08,42.92,35.24
-51.31,56.33,35.84
-38.63,56.10,14.46
-45.55,60.66,35.19
-44.49,51.14,28.77
-31.85,62.48,8.83
-47.60,51.01,9.35
-58.69,91.59,35.51
-46.93,49.86,31.28
-49.32,52.14,19.69
-50.60,57.25,17.18
-51.33,59.70,16.47
-51.20,55.57,20.71
-52.75,54.42,21.55
-51.70,51.75,20.38
-55.03,66.43,16.43
-44.92,46.49,34.80
-35.91,20.67,42.27
-43.84,65.35,33.37
-41.39,44.02,26.01
-47.10,42.83,30.53
-49.34,42.92,33.39
-50.60,41.20,33.69
-48.94,47.20,31.26
-49.17,48.13,30.09
-49.63,44.11,33.46
-50.66,45.11,34.96
-49.90,44.97,33.54
-48.19,47.64,32.10
-49.32,47.48,31.76
-48.44,47.85,31.35
-49.26,47.48,31.09
-49.05,47.98,31.83
-49.11,48.61,31.57
-48.78,47.39,32.31
-49.65,47.23,31.47
-49.57,47.85,31.83
-50.14,48.23,31.99
-49.21,46.85,31.01
-49.57,47.98,30.49
-49.44,46.66,31.85
-49.21,47.06,31.66
-49.24,48.42,32.73
-49.65,47.85,31.95
-49.49,47.16,30.82
-49.78,47.10,31.45
-50.09,46.83,30.93
-49.30,47.08,31.22
-49.67,47.71,31.39
-49.80,47.12,31.35
-49.00,46.62,31.76
-49.53,46.16,30.97
-50.43,46.56,31.66
-49.65,46.77,31.11
-49.67,46.64,31.83
-50.13,47.73,31.83
-49.95,47.50,31.37
-50.03,47.18,32.08
-49.53,46.81,31.62
-48.90,46.62,31.51
-49.78,46.07,30.55
-50.16,47.06,31.16
-50.03,46.87,31.76
-49.67,47.60,30.97
-50.64,46.68,30.63
-49.47,46.72,30.90
-50.03,47.58,31.37
-49.88,47.16,31.76
-49.07,47.88,32.24
-49.26,46.89,31.51
-49.40,48.06,31.11
-49.28,47.92,31.03
-49.21,47.54,30.99
-49.72,47.94,31.13
-49.57,47.02,30.47
-49.55,47.33,30.99
-49.61,46.75,31.87
-49.38,46.31,31.47
-48.98,46.08,31.78
-49.67,45.03,31.39
-50.55,45.51,32.14
-49.95,46.07,31.58
-50.22,46.39,32.33
-51.06,45.26,31.62
-50.49,46.39,31.72
-50.28,46.31,32.31
-49.97,46.47,32.27
-49.84,47.18,33.12
-49.53,45.72,33.16
-49.76,46.43,33.19
-49.53,46.60,32.39
-49.93,46.79,32.39
-49.78,46.37,31.83
-49.40,47.67,32.75
-49.82,45.91,32.24
-49.70,45.47,32.45
-50.18,45.09,32.79
-50.62,43.31,32.29
-51.03,43.36,33.81
-50.49,44.13,34.09
-51.47,43.23,34.71
-50.85,42.75,34.63
-50.64,42.48,35.43
-51.50,41.58,34.78
-51.31,40.15,35.11
-52.79,39.30,35.26
-52.42,37.68,35.88
-52.10,37.08,34.25
-52.73,38.37,34.88
-53.31,38.35,36.32
-53.48,38.63,35.65
-53.67,39.44,35.47
-53.67,39.86,33.88
-53.80,41.30,32.47
-54.44,41.31,32.64
-55.80,40.95,32.91
-53.65,40.41,31.66
-53.75,41.35,31.87
-54.11,41.09,32.22
-53.57,41.81,31.83
-53.77,41.95,31.24
-54.26,42.18,30.86
-53.96,41.74,31.83
-53.94,41.41,31.58
-53.88,43.10,30.53
-53.98,41.91,29.86
-54.86,42.39,31.14
-54.13,44.48,30.55
-53.84,45.53,28.18
-53.55,41.28,29.75
-54.07,44.99,28.00
-54.99,43.96,25.15
-59.70,38.58,31.28
-58.94,41.93,26.24
-56.14,44.71,21.05
-52.63,51.33,16.11
-52.67,52.29,16.30
-52.39,53.40,15.13
-53.34,46.74,22.26
-50.74,50.07,20.21
-58.21,61.02,12.34
-58.84,45.47,26.95
-51.54,22.03,25.09
-71.60,1.44,23.39
-87.13,-7.14,32.01
-79.64,-0.29,10.53
-72.61,-17.76,9.83
-72.02,-9.21,14.38
-66.33,-11.66,7.55
-92.61,4.71,-8.12
-73.24,-5.13,5.23
-73.82,-17.28,22.52
-71.23,-5.32,8.33
-68.63,3.49,14.19
-71.39,35.63,13.75
-87.86,13.50,22.18
-59.86,70.49,-6.17
-50.59,42.58,-6.67
-53.75,33.44,9.06
-64.18,15.42,25.05
-52.63,17.39,23.06
-75.06,6.74,23.66
-101.36,8.60,1.44
-95.37,9.23,2.18
-59.43,43.12,-39.42
-75.20,5.36,-13.33
-79.53,3.01,-11.91
-81.65,-11.24,-2.22
-86.48,-12.28,5.17
-68.95,0.94,-3.37
-74.87,-1.69,10.96
-64.20,-5.06,5.67
-63.55,0.90,7.76
-90.90,-23.21,4.54
-89.87,-37.69,-2.70
-75.10,-7.97,-21.18
-72.27,-41.64,6.72
-60.20,-49.09,14.06
-51.79,-42.12,13.79
-43.36,-44.32,22.20
-42.39,-44.69,26.83
-38.98,-34.36,25.76
-44.51,-51.10,16.15
-66.27,-81.92,10.48
-63.51,-8.77,19.12
-66.43,-41.03,36.68
-57.77,-31.72,16.47
-58.11,-37.64,20.44
-61.81,-35.55,15.88
-37.69,-34.32,25.95
-71.52,-26.97,23.94
-65.05,-32.12,19.35
-61.37,-40.59,23.25
-58.40,-34.82,20.69
-55.91,-34.25,27.66
-52.23,-41.51,37.81
-60.28,-56.79,5.42
-48.71,-117.18,25.49
-34.57,-81.27,15.78
-23.44,-1.80,49.47
14.65,-11.55,13.71
-156.91,43.35,41.47
-113.07,-106.59,-13.
-63.46,2.24,71.33
-41.24,-26.66,17.87
-53.17,-39.30,47.65
-49.11,-36.22,33.39
-44.48,-11.84,26.72
-66.50,-16.24,9.54
-98.28,-18.77,27.49
-80.54,6.68,24.34
-67.86,7.60,17.20
87.34,30.86,-89.16
-82.71,19.88,-6.90
-75.03,11.30,-4.42
-74.32,7.41,-3.93
-85.01,-10.69,-5.67
-74.13,-1.61,3.74
-70.60,7.91,5.50
-78.05,6.88,5.96
-77.31,12.53,3.51
-76.75,8.96,2.57
-74.24,6.72,2.72
-74.49,9.75,3.39
-76.00,10.57,4.88
-75.22,7.22,3.87
-77.78,2.11,1.15
-79.26,-43.42,-7.16
-112.85,-55.97,9.42
-72.38,-35.70,65.64
-33.67,-37.94,48.69
-6.95,-15.76,6.61
-3.20,142.45,17.24
-115.71,-47.73,-131.
-52.83,-22.70,15.28
-68.02,-9.33,9.86
-97.26,2.30,21.62
-81.90,4.44,17.89
-66.44,17.70,-8.96
-78.84,17.14,4.94
-71.04,4.71,-2.99
-75.26,5.48,-1.51
-76.31,6.44,-1.55
-78.57,1.95,-1.28
-73.26,0.79,-4.48
-78.26,-3.03,-3.29
-79.20,3.77,7.87
-72.94,7.70,-2.39
-77.04,4.27,-4.71
-75.43,14.58,-12.66
-77.54,-4.83,-7.30
-71.46,16.84,-17.58
-62.14,27.51,-17.83
-60.47,23.98,-19.19
-63.57,51.41,-26.95
-52.37,60.45,-24.92
-48.80,73.95,-28.33
-31.53,74.09,-34.44
-35.99,80.01,-40.87
-33.02,74.66,-29.77
-38.92,62.59,-25.59
-45.30,64.64,-33.84
-49.32,58.48,-27.98
-46.89,50.62,-31.66
-51.91,55.55,-39.96
-48.00,51.22,-30.63
-45.68,64.55,-33.08
-46.98,58.34,-14.90
-47.88,69.15,-25.24
-38.31,62.69,-23.06
-41.64,53.44,-22.64
-49.55,79.62,-34.38
-45.28,59.61,-36.43
-47.77,55.07,-38.04
-46.05,51.58,-40.40
-50.76,53.46,-37.06
-53.96,48.33,-50.45
-49.42,53.17,-43.90
-51.70,49.09,-45.13
-55.80,45.11,-41.05
-52.63,47.37,-42.66
-50.01,55.03,-33.94
-51.70,53.71,-49.15
-47.44,53.50,-38.63
-51.47,51.98,-39.11
-48.15,60.51,-45.80
-41.74,51.64,-39.65
-37.96,51.06,-43.06
-28.85,57.61,-48.46
-6.45,64.47,-48.08
-14.06,70.43,-37.66
-1.63,86.00,-49.36
2.76,90.02,-35.13
3.35,83.59,-42.92
-4.12,79.76,-34.23
-86.73,121.40,-55.80
-22.62,60.70,-43.38
-37.41,60.03,-36.99
-38.42,49.86,-38.29
-52.25,54.91,-39.65
-57.39,54.26,-33.69
-51.14,52.16,-34.94
-53.15,44.25,-39.73
-59.78,57.19,-39.80
-59.65,44.82,-35.47
-77.69,43.58,-37.20
-73.49,37.29,-36.41
-68.13,21.51,-21.36
-68.44,12.64,-11.89
-75.39,9.85,-5.38
-79.01,11.95,-8.50
-78.44,1.92,0.82
-79.24,-12.60,2.07
-74.78,2.51,-0.38
-78.49,-5.04,-0.06
-76.98,-8.10,8.45
-78.86,19.02,5.96
-81.67,0.71,6.38
-80.06,24.79,1.55
-73.51,14.88,19.23
-63.21,11.95,8.22
-75.20,-19.69,36.37
-56.60,3.22,33.12
-62.71,24.21,64.63
-32.58,54.28,31.85
-3.95,5.94,36.83
1.17,49.69,54.49
-23.62,71.54,37.98
-29.04,25.30,33.04
-93.89,43.63,-41.07
-43.36,-50.80,-16.64
-67.10,35.09,-24.40
-64.82,35.32,-30.93
-68.82,31.22,-35.99
-71.27,20.26,-41.95
-71.37,27.66,-7.60
-60.12,108.85,-63.92
-62.90,42.71,-25.05
-50.93,57.88,-28.71
-64.18,48.94,-34.52
-67.75,37.62,-16.70
-63.53,34.52,-32.16
-72.77,36.85,-39.78
-80.22,31.03,-21.51
-78.86,31.83,-11.84
-63.15,31.53,-0.79
-60.95,31.80,9.29
-63.23,51.18,9.48
-63.84,42.35,11.38
-60.35,50.99,12.11
-59.13,44.84,20.11
-50.32,47.75,18.66
-46.51,55.45,18.68
-48.31,53.15,21.15
-49.97,55.95,22.45
-52.39,57.46,16.05
-55.95,55.66,20.61
-47.90,45.47,11.51
-47.52,37.41,17.51
-65.53,31.43,15.40
-61.75,122.99,-36.83
-30.11,43.77,-22.75
-57.12,43.36,-3.74
-66.98,46.93,1.59
-64.68,48.71,-11.21
-61.56,52.02,-18.22
-64.38,44.74,-20.48
-65.66,35.13,-4.10
-69.16,43.90,6.28
-65.39,38.73,-11.89
-66.08,53.31,-28.56
-56.89,69.07,-11.74
-42.56,44.09,2.43
-54.44,46.16,19.94
-60.51,48.11,-5.65
-49.44,29.84,3.14
-25.63,72.10,-41.97
-28.92,30.88,6.57
-41.26,76.31,-16.61
-50.32,79.74,-88.99
-58.50,60.70,-57.40
-33.14,50.72,-30.49
-32.24,14.58,-26.68
-87.76,24.59,-17.64
-107.70,-1.76,-8.47
-85.41,-4.69,-1.47
-60.56,-16.20,-5.04
-23.66,-35.91,-3.93
-43.86,-43.59,16.84
-45.47,-95.90,33.96
-34.98,-43.50,-3.24
-13.25,-83.47,22.98
-6.93,-2.32,-44.32
0.00,0.00,0.00
-110.88,-115.10,15.6
-79.62,30.80,15.53
-94.62,18.14,3.22
-71.71,35.86,-17.58
-51.68,12.66,-18.90
-64.32,60.58,-48.25
-66.14,66.33,-10.04
-17.99,9.69,-33.71
-62.23,156.90,20.57
-24.13,64.53,-23.08
-107.13,116.38,-73.8
-64.63,41.72,-19.02
-51.58,34.15,-18.52
-63.71,55.22,-28.77
-81.23,55.22,-14.90
-66.67,33.83,-29.67
-58.25,37.35,-12.95
-53.71,35.53,0.75
-52.02,40.38,17.97
-53.27,45.38,20.42
-61.04,31.99,22.20
-77.84,34.80,16.55
-68.72,33.00,13.75
-73.44,29.09,14.98
-66.96,29.52,22.62
-60.39,31.81,12.91
-66.71,30.00,26.24
-65.99,38.84,23.67
-63.23,32.06,24.48
-59.66,26.95,26.34
-58.69,-1.95,4.29
-74.41,65.51,8.20
-38.52,25.05,4.33
-73.34,24.80,22.41
-72.10,7.16,20.95
-79.97,10.27,13.20
-73.23,6.95,17.68
-72.92,0.10,5.29
-73.38,19.84,15.04
-86.46,-5.04,14.38
-80.56,-9.65,10.00
-60.37,-38.14,10.82
-65.81,45.03,23.79
-60.97,-0.96,35.63
-60.28,-0.69,14.69
-74.45,20.97,25.67
-70.75,11.63,15.05
-82.06,18.73,23.20
-73.05,25.86,13.50
-74.51,13.02,9.81
-76.21,17.85,9.88
-77.80,10.04,5.11
-74.60,16.76,12.20
-70.08,-2.51,0.59
-78.30,14.96,11.19
-72.02,-35.93,5.88
-89.58,0.02,-6.70
-79.43,9.94,2.01
-85.60,-2.05,12.58
-81.52,-4.62,13.43
-82.53,11.38,11.84
-59.59,31.34,10.88
-51.45,24.75,31.05
-31.60,56.10,10.11
-23.31,36.26,0.02
-52.83,12.18,4.21
-124.48,-58.78,-6.13
-111.74,22.16,-29.42
-80.94,33.62,-20.32
-68.97,33.04,-26.09
-66.73,44.86,-28.29
-59.32,53.75,-22.12
-34.38,35.22,-9.00
-0.84,-19.50,-54.05
41.51,156.90,-156.91
-73.07,39.84,-45.49
-78.26,46.72,-18.71
-83.47,42.71,-31.14
-67.44,39.11,-9.96
-40.61,42.41,-24.59
-2.51,-35.63,-59.82
-151.34,-45.09,-7.07
-80.89,28.64,-43.79
-80.93,18.89,-30.22
-66.14,29.32,-30.47
-63.74,42.10,-21.87
-60.24,48.90,-10.53
-60.49,42.37,14.17
-59.03,29.21,3.54
-69.47,39.46,-1.70
-72.98,31.20,7.72
-68.82,6.09,5.65
-74.30,12.68,3.98
-77.42,9.33,4.06
-72.21,4.79,4.64
-78.05,13.25,4.79
-76.73,12.78,3.79
-75.03,10.13,2.70
-76.40,5.09,7.55
-73.55,11.26,2.41
-75.77,1.34,7.43
-75.01,4.77,3.96
-75.60,-0.13,5.42
-76.50,1.42,7.41
-76.50,1.17,7.83
-76.04,1.84,7.13
-73.65,9.92,7.62
-74.01,10.29,6.32
-76.02,5.44,7.80
-78.67,5.36,1.51
-81.08,20.46,-13.68
-74.93,19.00,-11.19
-81.50,14.27,-7.05
-75.79,9.62,-1.63
-69.99,-0.90,11.07
-79.51,9.06,2.74
-76.02,10.78,6.19
-76.19,7.09,1.44
-74.01,8.94,9.63
-72.52,4.48,6.59
-74.93,5.48,10.57
-76.12,6.78,6.90
-76.10,9.77,7.43
-80.37,5.29,5.78
-77.17,6.70,7.20
-78.34,7.05,13.27
-76.06,7.95,11.07
-71.35,11.76,2.32
-80.06,11.07,-0.11
-76.46,32.08,12.18
-71.08,18.10,20.34
-71.31,16.97,19.94
-68.11,21.53,18.23
-61.06,21.85,16.38
-74.99,27.87,6.65
-70.54,34.23,4.16
-70.93,15.63,6.11
-80.91,20.38,-2.85
-79.95,22.89,-13.64
-74.82,0.61,6.55
-73.72,0.29,-13.87
-89.12,-8.24,-0.94
-86.98,6.23,-2.36
-76.37,6.19,2.41
-77.38,18.48,9.21
-76.18,22.52,9.67
-75.83,44.95,10.17
-63.97,13.70,16.17
-66.66,13.79,20.36
-71.56,4.29,18.58
-72.23,-2.38,11.17
-72.36,13.31,22.03
-81.17,6.47,21.36
-65.56,-12.51,31.78
-66.73,-0.27,18.46
-60.87,4.33,13.75
-75.54,-7.36,13.48
-90.27,16.74,3.93
-69.28,-8.94,10.63
-79.72,41.05,19.38
-74.26,30.65,-5.19
-61.83,21.41,-19.40
-68.90,-2.24,34.53
-82.19,-10.00,74.59
-44.78,-17.45,46.87
-44.86,-30.01,54.38
-37.45,-56.08,-18.22
-42.10,-9.08,84.62
-40.72,-24.31,44.63
-45.13,-7.66,51.20
-62.59,-2.78,52.06
-51.79,-8.08,44.80
-49.05,-23.23,42.48
-31.83,-43.35,31.45
-67.02,-36.24,46.03
-50.16,9.39,5.82
-66.43,-50.16,33.44
-52.42,-40.05,46.97
-67.92,-0.86,44.26
-77.78,35.59,43.94
-59.07,13.96,19.52
-61.08,4.62,28.18
-66.73,-6.34,20.32
-67.38,-0.65,21.84
-73.67,6.88,13.62
-68.30,27.41,11.93
-68.19,40.11,21.01
-53.46,25.90,8.73
-63.15,37.12,-1.32
-76.56,15.46,4.87
-81.00,46.93,19.50
-81.04,7.28,9.39
-56.47,-17.24,11.30
-51.43,-17.56,43.15
-42.79,-2.36,44.57
-50.82,12.11,38.00
-51.28,27.18,39.99
-63.34,13.94,21.15
-63.25,9.35,20.15
-78.61,35.72,5.46
-73.15,18.46,10.63
-71.00,17.45,2.22
-64.24,7.70,-2.89
-97.70,25.11,2.26
-74.11,12.93,6.13
-73.90,7.81,5.34
-72.61,12.03,13.33
-70.98,7.03,1.49
-77.15,19.90,3.87
-80.08,19.73,7.43
-74.34,21.97,5.82
-64.84,21.76,3.20
-71.46,22.41,15.40
-70.72,12.64,18.85
-66.98,27.33,8.45
-74.11,23.31,10.04
-77.04,8.33,5.84
-71.96,5.50,-5.48
-77.88,9.00,-2.05
-80.43,-12.95,-7.39
-76.48,6.11,-9.86
-74.91,-41.20,0.65
-66.58,-7.74,-7.93
-70.16,-14.04,-1.92
-61.01,46.41,39.63
-94.10,15.30,-35.76
-109.00,4.81,31.51
-77.61,17.89,-31.55
-82.63,-2.07,-22.20
-72.04,-4.04,-19.25
-67.96,-1.82,-14.35
-72.04,-5.42,-7.93
-87.04,-38.98,-30.45
-75.89,-4.48,-3.64
-81.08,-3.70,-6.42
-84.97,-7.26,-0.96
-69.24,-9.48,-0.88
-74.76,1.63,7.18
-79.53,-2.89,10.75
-75.77,16.34,1.21
-71.04,8.08,6.17
-74.76,-2.16,14.29
-61.18,-19.50,-21.38
-86.86,-9.39,30.09
-69.59,-3.98,12.16
-68.28,-14.14,19.96
-62.79,-11.17,20.94
-84.24,-10.06,36.45
-50.66,-4.92,0.34
-61.62,20.71,3.22
-46.81,38.48,7.01
-67.46,87.90,17.33
-35.11,57.83,29.32
0.88,109.62,51.18
2.82,52.16,61.98
-11.01,53.80,49.28
-12.78,61.14,42.16
-26.45,58.02,48.34
-46.45,75.29,26.30
-66.02,69.51,22.77
-52.83,39.50,3.20
-52.83,24.27,1.78
-70.45,29.84,10.67
-70.98,25.72,6.21
-69.99,22.62,2.59
-73.53,29.63,8.43
-71.87,22.72,1.26
-74.28,12.66,3.83
-77.06,14.17,7.11
-76.12,8.24,-1.78
-74.72,5.55,-1.21
-79.85,-3.60,3.83
-69.78,0.31,-9.62
-80.98,0.52,0.50
-77.50,1.72,-2.43
-77.84,3.79,0.15
-76.63,22.75,-0.90
-84.03,11.53,6.76
-75.35,-2.43,8.20
-72.46,1.42,1.92
-77.86,9.86,6.26
-76.94,-8.85,3.56
-85.98,12.43,8.54
-73.09,2.11,17.64
-70.91,-0.63,17.72
-73.49,-9.35,25.30
-65.18,-19.29,29.31
-61.54,-23.33,27.43
-56.27,-39.05,37.10
-49.21,-40.57,29.31
-31.22,-46.10,25.78
-48.56,-18.60,32.35
-60.81,-24.61,50.09
-102.99,11.86,50.45
-52.42,-2.05,40.30
-55.60,-16.74,42.75
-55.11,-22.41,44.80
-62.27,-21.82,55.45
-48.57,-21.34,38.94
-44.86,-23.06,43.59
-52.35,-33.52,50.51
-36.81,-1.40,16.38
-60.79,-15.50,42.66
-49.59,-20.03,44.86
-51.95,-14.56,45.78
-51.96,-23.43,42.96
-59.55,-23.20,38.35
-67.04,-23.35,51.56
-70.39,-28.67,21.17
-63.07,-31.51,5.13
-75.12,-17.33,17.05
-70.45,-23.12,-16.64
-121.23,36.30,-63.61
-71.10,1.46,-76.63
-93.26,-61.33,-21.43
-69.03,17.74,-39.38
-64.40,9.42,-20.99
-65.64,-1.72,-8.35
-52.62,-33.56,21.32
-56.58,-1.36,0.19
-89.03,19.02,-2.87
-90.73,10.90,3.56
-85.31,40.41,12.58
-116.59,33.90,15.13
-93.85,6.76,21.13
-80.79,32.33,1.19
-82.88,30.72,-1.07
-73.93,31.47,-14.25
-61.83,28.10,-5.69
-62.71,20.26,-2.93
-63.57,36.87,-6.47
-66.90,17.62,-12.64
-59.36,14.42,-23.25
-70.60,13.41,-20.42
-85.75,-2.68,-5.75
-110.38,-25.34,22.18
-94.01,-8.06,-19.77
-29.75,3.20,8.37
-74.55,-24.50,14.21
-101.67,-30.07,13.79
-84.05,-11.30,6.38
-77.06,5.96,20.95
-65.77,14.79,0.23
-74.80,15.90,0.88
-79.09,24.42,3.37
-76.35,15.17,-0.82
-71.64,6.93,4.73
-80.24,20.90,3.66
-72.86,7.47,3.77
-76.08,6.47,6.26
-78.72,6.09,6.38
-80.01,8.39,4.16
-83.38,10.36,-0.15
-69.18,15.36,-0.94
-76.06,10.19,1.44
-76.50,6.40,5.73
-77.80,3.85,4.65
-76.65,7.68,2.15
-76.37,6.42,2.53
-76.31,7.51,1.51
-77.21,8.98,0.69
-74.45,13.10,1.32
-85.01,14.67,1.82
-66.87,-0.96,1.82
-80.98,12.45,4.14
-75.60,8.98,2.01
-75.52,7.57,2.20
-77.50,1.11,4.02
-74.62,3.20,5.94
-76.71,3.74,3.60
-77.38,8.01,1.49
-74.43,8.29,2.70
-75.45,2.49,4.31
-73.80,-4.41,4.79
-78.09,1.00,2.24
-73.42,2.15,2.28
-76.25,-8.18,3.87
-78.97,-6.61,-0.36
-73.95,0.11,0.21
-71.41,-5.15,-1.51
-75.75,-13.37,13.10
-74.93,-30.53,11.49
-78.34,-15.51,7.43
-83.32,10.88,12.97
-88.34,-39.86,-30.01
-70.41,20.78,14.73
-28.52,-44.00,-18.92
-69.51,-2.34,25.05
-61.94,5.92,38.38
-69.53,34.30,30.76
-66.73,23.67,36.45
-64.89,25.11,16.07
-68.55,45.57,11.34
-67.23,32.77,1.07
-69.34,24.59,20.19
-73.76,25.59,26.20
-71.37,18.29,21.78
-63.97,30.05,13.54
-70.03,27.08,34.15
-53.57,26.05,32.43
-50.22,17.56,34.94
-60.33,35.91,34.57
-54.72,30.22,30.88
-70.31,33.71,34.65
-59.45,-3.60,26.80
-94.83,11.76,16.51
-80.04,13.06,17.43
-62.50,22.31,5.09
-67.19,8.16,26.13
-64.41,5.54,16.89
-75.08,1.65,25.84
-105.15,33.67,35.26
-48.65,67.13,-20.23
-61.56,20.30,29.04
-62.98,1.03,42.92
-67.31,23.98,4.64
-66.71,30.84,19.52
-65.05,-1.61,-6.32
-85.69,5.02,6.49
-77.34,33.50,-19.61
-76.96,24.11,-16.74
-85.77,23.98,-18.14
-72.69,-0.59,-9.52
-75.33,-8.06,-0.75
-79.87,-0.34,-16.24
-91.04,-9.06,-8.52
-71.94,-2.20,12.03
-62.52,-14.38,22.85
-63.73,-10.65,16.40
-76.25,-13.47,15.09
-75.41,12.76,-4.31
-82.96,10.65,-2.72
-80.41,13.52,-1.70
-72.82,7.13,-2.70
-76.98,-1.97,0.50
-77.17,-3.51,6.23
-76.65,3.54,3.12
-76.81,0.29,6.59
-76.31,-1.46,4.79
-73.59,-1.36,8.75
-79.24,-10.23,4.14
-78.49,1.53,-13.48
-78.32,21.41,-21.05
-81.42,16.45,-5.80
-61.85,15.42,8.35
-74.85,29.54,4.21
-58.65,11.01,16.34
-44.48,2.26,17.07
-100.42,-21.95,-12.0
-64.26,17.16,7.72
-70.06,13.04,-9.56
-52.77,-8.37,4.92
-84.18,-28.85,20.95
-92.55,-47.71,16.82
-79.05,9.06,23.69
-52.14,84.99,21.99
-58.63,54.95,11.24
-44.42,18.60,8.72
-49.88,3.68,28.96
-93.83,13.35,12.49
-80.81,54.63,4.64
-67.10,20.72,1.15
-81.19,14.71,4.44
-94.62,10.55,16.95
-49.36,34.32,20.49
-62.42,58.07,21.39
-50.45,-0.50,34.25
-49.95,-5.19,53.19
-68.17,-3.83,31.57
-153.58,10.00,37.02
-83.61,-29.21,4.35
-46.85,-15.11,-8.14
-94.39,-9.35,23.10
-117.89,-3.68,10.78
-47.43,-49.21,17.60
-79.11,-13.70,23.69
-31.99,17.68,-8.83
-39.30,-3.29,21.09
-152.83,-9.02,21.39
-138.88,35.32,-22.14
-79.35,13.35,-4.83
-61.39,-6.32,-6.88
-73.46,24.42,1.78
-89.45,-4.33,-5.25
-134.04,4.60,31.13
-71.20,13.45,34.11
-52.41,22.24,14.98
-47.81,-18.18,23.98
-99.33,25.26,14.31
-112.34,16.22,4.02
-83.68,-4.00,-4.58
-52.35,2.03,-2.70
-58.80,-6.67,3.56
-87.50,-19.06,9.98
-108.53,-12.41,33.19
-64.59,61.06,12.09
-60.05,-3.89,24.59
-51.03,22.74,7.20
-74.85,34.02,0.23
-124.65,21.57,9.75
-70.31,41.74,-9.90
-67.40,28.39,-9.73
-66.50,24.56,-1.86
-42.20,21.51,42.92
10.80,110.02,7.16
11.03,94.10,19.84
-6.30,81.96,17.26
-14.71,55.80,16.80
-38.35,53.75,10.07
-53.32,39.25,14.17
-41.12,24.75,3.49
-67.88,22.93,-0.11
-124.29,13.73,-7.49
-87.69,8.68,-8.37
-76.90,8.33,-11.05
-78.70,9.23,-6.63
-71.64,0.06,3.93
-102.97,-27.24,28.42
-56.66,8.94,16.11
-79.37,12.53,8.18
-67.00,-4.92,24.50
-67.92,-10.99,21.30
-80.25,-35.80,18.16
-83.72,29.98,2.62
-91.19,24.73,23.33
-88.91,-23.14,21.95
-68.86,-9.17,-5.00
-85.46,7.22,-0.29
-81.92,6.15,-3.43
-77.94,39.46,13.52
-88.20,13.33,27.75
-52.29,11.74,10.09
-62.06,15.86,30.63
-80.89,33.27,47.56
-64.78,59.45,13.48
-48.69,-24.04,8.60
-101.04,11.57,47.35
-82.53,3.39,32.08
-55.35,-16.80,27.58
-19.40,93.51,-46.70
-105.14,40.64,17.14
-64.72,83.49,1.61
-58.50,19.13,1.65
-91.88,56.96,45.26
-67.71,17.62,13.39
-112.32,22.98,-5.73
-67.54,11.78,-6.61
-64.55,15.53,-14.71
-73.23,3.56,6.86
-93.16,5.09,2.22
-61.62,29.82,30.57
-57.16,-3.47,12.68
-63.38,8.14,22.64
-73.49,28.62,6.53
-107.57,40.72,1.51
-67.57,5.61,-0.80
-65.53,14.23,-4.90
-60.20,-10.71,8.52
-86.46,1.82,8.58
-98.13,8.20,18.85
-55.91,16.28,-3.28
-58.15,-7.97,10.23
-61.87,14.04,2.41
-73.38,22.16,2.68
-92.05,56.39,-4.88
-56.62,18.54,-0.13
-66.10,-6.57,-3.24
-74.66,15.51,8.60
-99.08,-1.74,16.32
-74.18,55.83,11.28
-65.97,-1.07,13.39
-61.87,28.14,9.85
-60.01,12.68,4.27
-112.76,21.36,-1.69
-70.83,3.98,-5.38
-70.16,15.96,-1.59
-69.87,14.67,0.77
-74.32,22.12,-6.67
-76.18,15.97,0.61
-104.08,7.07,23.14
-50.24,38.65,12.83
-59.80,22.60,18.35
-61.06,30.45,17.10
-62.25,27.95,17.62
-63.23,25.13,41.49
-47.39,21.07,30.93
-61.75,39.25,26.76
-83.57,-1.30,31.24
-80.58,68.78,-76.81
-66.31,76.00,-33.10
-37.62,46.66,-37.33
-58.42,34.02,-26.72
-69.28,27.77,-15.96
-71.21,44.99,-35.20
-67.10,33.77,-23.21
-89.14,33.58,-3.91
-57.56,76.35,22.45
-62.27,32.96,17.53
-52.42,23.23,7.11
-61.54,33.06,23.52
-80.04,40.24,16.05
-69.99,53.94,0.17
-58.06,34.02,-5.71
-80.70,21.85,0.02
-73.23,26.57,-0.46
-75.85,13.06,-2.01
-61.85,94.95,89.35
-19.67,30.93,16.78
-37.01,32.04,26.39
-47.77,41.97,36.58
-52.60,23.23,33.90
-79.47,43.23,-8.83
-79.14,35.32,10.98
-79.14,23.33,16.66
-70.74,23.48,21.70
-64.63,32.37,27.49
-57.35,35.03,29.61
-54.57,46.07,18.18
-43.25,69.95,15.17
-37.92,51.39,31.72
-42.14,53.75,23.81
-47.18,55.97,24.44
-51.93,51.01,19.86
-55.32,51.14,15.97
-61.50,45.55,17.53
-62.31,44.07,11.03
-66.25,48.38,11.63
-63.51,41.39,11.34
-66.92,32.75,16.51
-66.33,36.85,15.23
-65.93,39.07,10.48
-64.82,40.41,9.94
-66.37,36.39,8.77
-65.18,45.66,3.75
-72.08,28.42,18.77
-63.84,32.39,22.70
-60.87,26.80,32.77
-55.18,22.41,36.41
-61.94,11.19,49.23
-59.07,6.38,55.26
-29.59,-23.27,16.15
-50.89,-39.61,74.32
-43.15,-37.22,33.83
-66.69,-27.49,78.91
-57.60,-8.41,29.88
-45.18,-32.43,38.82
-53.13,-23.58,40.26
-59.17,-19.94,40.40
-70.49,-1.80,44.59
-66.71,14.38,50.18
-59.88,3.35,67.19
-55.26,-36.05,86.69
-5.88,-14.60,51.28
14.75,22.62,53.34
17.83,27.91,54.59
14.33,39.73,48.84
10.75,75.96,21.09
-8.87,65.91,22.54
-2.34,76.44,12.12
-16.40,111.57,19.52
-0.10,130.74,17.12
9.02,82.97,34.65
-0.96,88.87,-2.68
4.44,50.97,48.48
25.97,19.46,37.83
21.41,107.64,58.97
12.05,92.53,24.63
19.08,78.42,27.58
7.16,80.71,23.35
-11.63,103.20,17.54
-11.28,85.85,22.91
-7.95,68.86,19.36
-12.35,92.51,15.97
-3.68,76.33,14.15
-12.72,74.30,13.98
-27.77,23.25,-6.11
-41.70,83.43,-11.91
-40.47,101.67,-20.09
-23.25,66.60,-5.78
20.48,68.99,-27.66
36.56,82.07,-34.25
31.72,68.84,-29.08
26.53,72.13,-29.13
23.85,72.80,-24.42
3.95,79.89,-25.55
11.70,75.27,-20.03
10.55,76.46,-24.56
25.63,85.08,-33.29
18.18,68.11,-13.54
29.90,79.85,-18.14
24.67,76.29,-27.77
23.08,70.98,-17.10
15.19,83.38,-24.40
1.11,84.53,-30.59
-22.66,92.40,-11.07
-39.94,75.96,-10.04
-44.15,61.16,-12.85
-49.38,38.65,-1.65
-65.01,36.07,6.21
-57.63,34.23,5.73
-70.95,30.22,16.68
-71.41,23.73,21.68
-64.84,29.19,21.36
-66.46,35.34,25.07
-55.74,32.47,27.77
-54.03,42.56,31.85
-45.39,35.88,34.07
-45.32,55.18,27.01
-26.36,66.85,10.19
-29.02,78.49,-20.32
-45.15,52.31,0.54
-52.39,30.17,5.59
-50.72,53.86,14.21
-58.71,53.94,-5.19
-69.20,42.14,-1.84
-80.37,36.93,-2.82
-70.45,30.22,5.90
-69.36,27.51,6.49
-74.64,21.55,11.70
-70.68,22.10,5.92
-72.19,24.82,10.57
-71.14,20.44,9.10
-73.67,21.66,9.94
-71.90,19.73,12.58
-78.42,16.22,12.14
-71.64,27.62,5.96
-70.43,32.43,7.97
-67.40,33.96,12.01
-68.82,29.96,20.00
-63.71,37.02,18.00
-60.47,39.13,19.44
-54.19,46.10,18.81
-54.51,44.59,21.01
-57.56,43.86,21.97
-59.22,38.38,27.39
-58.99,43.98,18.50
-61.91,42.45,17.79
-62.67,42.71,14.23
-62.71,47.16,18.71
-62.71,53.92,23.43
-54.26,29.96,50.64
-37.54,39.32,50.03
-23.27,38.60,50.85
-2.15,19.79,27.51
35.80,66.06,-6.00
5.90,89.72,-19.69
31.62,77.13,-10.80
-17.97,99.16,-33.54
-6.01,112.55,-33.62
-9.14,109.18,-26.78
-40.03,59.89,34.42
-27.01,91.80,4.31
-3.79,89.99,20.28
-18.23,55.14,7.76
-1.40,18.04,-35.78
-85.83,99.04,-42.20
-64.64,101.13,2.16
-42.00,90.69,-35.70
-23.67,76.35,-23.27
-14.06,74.80,-4.54
5.15,69.64,11.63
22.51,42.00,11.72
47.04,33.33,3.68
39.15,44.88,23.29
49.36,54.28,-12.58
14.84,59.82,-2.78
-7.81,130.44,0.11
-26.68,57.04,-22.16
-53.82,72.11,-8.98
-53.69,99.75,-33.04
-58.73,76.14,-0.31
-46.07,63.61,15.76
-44.19,47.73,38.71
-39.40,35.19,43.61
-38.88,32.64,41.53
-41.24,30.47,54.90
-32.33,18.33,54.21
-32.98,33.08,53.82
-28.19,18.27,72.00
-17.35,14.88,67.96
-17.72,19.58,57.27
-14.38,38.50,59.74
-31.41,55.30,47.35
-39.44,52.60,35.09
-35.49,39.55,49.44
-36.30,45.66,48.80
-43.23,41.03,44.26
-48.00,56.37,52.35
-48.44,36.41,48.80
-39.61,35.80,43.15
-42.00,32.54,48.36
-41.20,31.97,69.76
-27.60,14.17,66.10
-11.66,-13.14,73.01
7.14,4.16,38.77
-7.57,57.75,68.80
-6.23,65.33,43.96
-8.06,56.04,56.62
11.17,30.44,9.77
14.46,59.28,-8.37
20.13,92.67,-18.00
44.71,154.46,-150.26
40.59,41.99,0.08
4.41,66.31,27.85
-5.44,76.81,36.70
1.46,61.87,75.96
-33.21,148.27,1.65
-38.54,62.19,11.82
-36.51,127.07,0.52
-33.60,74.09,21.43
-30.38,37.73,33.16
-24.06,42.25,34.67
-28.25,43.94,49.78
-26.68,48.04,51.45
-23.08,27.51,55.24
-25.13,27.08,55.97
-35.28,38.35,55.34
-42.00,42.16,72.61
-36.70,34.67,65.51
-25.46,30.32,65.47
-7.24,8.60,52.12
-10.52,40.57,34.53
-8.49,42.85,55.05
8.77,68.90,13.08
-8.66,87.13,2.83
9.54,92.51,3.64
30.03,62.42,-13.35
40.09,155.57,20.90
94.70,44.15,-35.40
-13.71,110.00,0.86
-47.31,123.93,-3.24
-27.73,62.46,39.86
-32.94,72.44,26.95
-31.22,48.36,41.45
-39.73,54.22,30.28
-43.52,43.40,37.18
-41.51,37.89,40.76
-40.76,40.70,50.05
-27.79,45.11,44.42
-14.12,40.03,42.45
-16.15,57.10,44.72
-28.12,51.87,60.53
-37.58,40.57,60.99
-34.94,34.06,65.01
-32.77,37.85,58.36
-18.37,26.26,76.69
-34.13,61.18,56.37
-17.07,58.11,64.09
3.35,31.53,36.93
90.43,81.02,10.59
17.07,62.90,-31.74
40.36,75.85,-5.15
12.24,130.67,-61.48
156.90,24.59,-156.91
-24.10,76.25,-18.71
-31.32,84.24,25.30
-32.18,68.11,31.41
-23.92,45.51,31.66
-28.79,42.56,42.75
-32.68,37.75,44.03
-24.71,34.67,48.77
-15.13,51.08,45.89
-17.53,52.23,60.41
-17.74,47.08,60.22
-22.56,40.78,61.31
-26.01,47.29,65.99
-28.18,37.91,66.41
-29.73,24.00,75.50
-16.51,12.18,58.42
-13.94,68.53,43.19
4.77,28.85,30.88
-9.48,58.94,14.33
-13.98,27.05,17.53
-15.78,100.56,-8.04
-20.71,127.81,5.61
48.06,138.16,-16.51
-54.40,94.12,-14.96
-33.96,50.74,27.01
-47.39,81.56,9.06
-29.69,31.72,39.65
-34.32,49.05,33.81
-31.83,55.91,37.96
-28.14,44.32,44.57
-14.31,43.48,40.13
-4.79,50.18,39.88
-18.25,47.56,64.64
-23.39,53.34,55.55
-26.45,63.99,69.30
-27.62,46.75,66.41
-18.77,37.24,56.22
-20.94,27.08,77.54
-5.52,8.37,43.42
-19.50,29.54,48.98
-34.46,61.12,39.28
-41.76,30.55,36.76
-44.15,89.72,16.55
-32.39,25.36,8.62
16.59,78.24,12.85
42.20,28.77,46.81
-36.37,101.82,-36.01
-91.79,113.95,-15.97
-53.63,59.15,-13.70
-52.52,19.67,55.72
-45.49,52.48,22.58
-48.33,46.33,26.68
-41.85,54.72,35.82
-36.85,43.31,44.02
-28.48,34.40,43.63
-7.60,40.28,48.00
-17.58,36.35,68.21
-12.95,38.67,72.84
-14.42,28.65,78.49
-8.56,22.68,69.28
-14.73,22.24,64.34
-9.35,7.89,50.85
-9.67,30.38,28.52
-22.97,73.24,57.35
-15.73,64.89,28.60
6.01,20.03,-1.65
4.29,54.24,-66.39
-6.63,59.09,-16.34
-12.24,93.57,-64.70
-80.24,104.52,-28.98
-50.28,83.57,-2.24
-37.52,63.44,-11.30
-57.14,58.90,11.24
-54.63,42.41,24.80
-50.62,34.73,36.24
-49.15,29.36,37.39
-46.05,28.08,54.55
-28.16,39.28,47.52
-13.98,29.38,52.94
-9.39,25.99,62.84
-18.92,35.59,79.39
-16.59,31.53,80.91
-17.32,25.92,73.28
-23.25,23.75,75.24
-23.43,14.94,69.82
-17.01,60.32,59.76
-17.12,8.66,62.86
-11.21,23.18,41.87
-48.71,74.99,50.78
-24.50,40.30,51.14
-7.43,23.60,18.75
-19.63,14.19,-26.87
0.90,23.60,-49.93
-80.03,109.06,-44.07
-90.33,64.32,-70.41
-116.47,33.54,-47.18
-75.14,24.63,-4.35
-60.60,47.41,-23.16
-60.51,43.23,-4.48
-68.71,77.94,3.77
-72.06,93.87,-1.61
-58.86,70.31,21.62
-42.52,65.58,11.78
-66.71,78.76,-29.98
-95.14,57.88,-0.94
-76.35,51.52,-16.03
-51.72,33.16,-15.67
-54.24,11.21,46.66
-37.83,13.41,50.30
-44.51,19.96,48.48
-66.27,50.43,37.73
-58.48,41.33,21.18
-56.89,38.90,28.75
-43.48,34.17,38.31
-41.83,33.04,35.28
-51.98,44.25,28.94
-58.52,49.13,14.27
-49.51,34.25,38.75
-67.31,25.67,61.71
-60.85,19.40,52.00
-48.80,9.90,62.02
-24.04,14.50,59.45
4.00,13.94,58.04
-1.93,16.87,52.90
-8.64,20.72,74.91
-3.14,-5.40,67.46
-2.05,-20.90,65.66
-1.26,-21.91,61.60
-19.00,-34.75,71.96
-17.01,-10.29,59.22
-20.26,-42.45,69.78
-19.27,-42.35,63.32
-10.69,-32.39,36.78
-22.97,-24.84,78.07
-25.93,0.42,63.57
-20.23,-20.32,90.56
26.26,-30.72,49.47
25.46,-17.81,58.84
38.35,-19.02,31.13
15.92,10.63,58.65
-14.21,29.29,86.19
-16.68,22.37,87.28
-12.49,-1.34,71.98
11.80,12.47,64.18
17.30,12.60,63.74
18.87,13.48,62.46
32.71,36.99,29.00
53.46,97.40,44.28
42.31,55.68,35.24
42.22,68.05,55.32
31.39,40.49,34.78
36.58,30.67,-1.86
44.67,57.14,6.97
11.47,94.31,30.59
17.97,56.77,-14.40
10.19,156.90,-85.96
2.62,68.74,5.44
-5.44,68.36,3.75
-7.57,109.22,-10.36
-7.87,85.20,-13.47
-2.53,67.27,-19.58
6.44,58.76,-50.97
20.00,47.98,-54.57
37.77,49.19,-28.23
60.89,36.72,-89.31
29.17,37.48,-48.61
30.26,73.57,-55.07
1.59,73.00,-30.38
-25.63,91.56,-17.28
-23.37,82.65,-25.32
-29.40,74.85,-25.02
-36.18,80.71,10.61
-41.56,70.31,7.45
-40.59,71.08,11.78
-39.69,49.61,21.53
-40.18,42.85,37.71
-40.68,47.64,42.67
-35.19,36.89,43.84
-34.76,9.54,61.68
-28.23,14.12,63.63
-20.80,12.18,63.51
-9.90,14.31,64.13
6.82,1.34,62.31
3.81,2.41,66.69
4.67,-3.10,69.26
-3.77,-13.39,67.02
-12.30,-5.34,64.28
-19.71,7.97,67.54
-27.26,-1.30,64.59
-28.33,0.71,65.22
-31.72,-5.44,59.70
-37.10,-5.48,58.07
-56.85,13.91,52.54
-61.10,19.17,31.97
-77.06,33.62,-14.58
-101.11,34.30,-11.91
-69.01,8.77,-31.24
-67.75,-2.03,-49.44
-76.63,-2.68,-53.96
-52.31,-27.26,-43.92
-71.20,-21.66,-43.31
-68.09,25.23,-29.21
-54.19,15.19,-29.38
-66.56,10.59,-43.10
-81.90,14.77,-50.59
-70.83,9.85,-54.67
-67.86,-7.95,-43.77
-69.87,2.41,-38.71
-70.74,20.53,-58.48
-73.90,20.95,-26.80
-66.43,8.22,-28.92
-74.41,16.43,-23.27
-85.64,29.02,-44.90
-76.12,16.17,-35.30
-70.74,12.97,-20.02
-83.95,28.37,36.45
-70.85,27.22,-8.43
-71.87,24.40,3.24
-72.54,31.49,-4.58
-71.27,29.96,-2.60
-74.34,34.55,4.71
-69.53,33.71,7.81
-64.18,30.21,10.34
-77.88,24.06,-3.18
-74.62,18.33,-3.77
-81.61,12.05,-4.75
-79.34,16.64,-15.36
-75.29,10.73,-5.25
-79.22,12.41,-15.28
-82.86,28.69,-15.78
-86.86,14.75,4.71
-44.71,47.16,-10.80
-65.66,59.72,-1.09
-75.95,21.28,13.01
-68.61,56.47,1.05
-66.25,31.76,-1.78
-82.63,26.66,-35.74
-97.28,68.67,-74.89
-64.45,45.66,-52.62
-53.94,-12.32,-8.14
-122.99,-65.99,35.49
-88.95,-23.50,38.75
-11.13,9.46,44.28
9.92,-13.24,18.66
13.73,-5.38,84.62
9.29,7.41,78.99
10.90,44.26,35.47
-7.99,25.99,78.51
-18.85,45.26,69.30
-0.75,20.17,66.54
2.09,14.29,63.50
7.18,2.78,67.80
-2.43,59.40,49.23
6.42,43.98,26.34
2.34,37.56,8.98
9.54,107.64,-31.74
-0.34,40.93,-11.55
-61.56,79.78,56.64
-62.44,71.10,-32.35
-60.28,50.82,-15.92
-60.39,53.86,-50.62
-77.00,78.19,-49.36
-55.37,63.84,-34.02
-48.13,57.90,-15.74
-40.09,45.39,-3.93
-33.25,41.62,18.75
-32.03,65.41,9.52
-38.61,67.21,11.86
-62.81,5.40,-4.92
-91.10,75.52,-9.35
-99.50,44.46,-17.14
-85.46,54.61,-0.69
-64.38,5.77,-6.01
-67.94,25.72,-0.13
-57.21,54.38,-4.39
-50.11,59.24,16.72
-44.13,62.90,10.23
-37.89,64.22,20.13
-30.97,73.86,14.19
-22.72,72.92,12.89
-16.30,78.51,23.31
-4.41,61.77,28.94
7.20,52.02,46.26
14.15,45.66,50.32
9.31,39.23,57.46
3.45,44.40,57.33
26.89,62.00,12.34
3.66,52.44,42.43
3.98,81.92,32.89
8.49,71.62,4.44
34.13,58.23,9.19
24.31,68.84,-15.59
42.37,80.56,-61.89
-5.96,111.88,4.58
18.02,74.78,18.98
-13.52,56.64,20.17
-16.13,48.42,43.58
-33.81,78.44,1.80
-50.36,69.84,29.61
-37.48,61.02,31.05
-31.43,43.35,33.62
-28.81,64.86,20.59
-26.24,72.54,10.17
-24.11,63.88,22.85
-18.54,54.07,41.68
-21.82,50.66,54.11
7.53,61.92,50.97
-13.81,22.75,57.50
-33.81,56.27,34.99
-43.92,113.89,-13.91
-34.38,45.26,37.56
-28.31,100.85,16.30
-13.85,60.14,16.34
-46.45,27.37,56.27
-61.52,54.34,32.98
-55.55,54.55,39.73
-55.39,48.86,38.86
-47.02,40.86,41.87
-39.57,46.97,55.55
-28.98,30.15,51.83
-14.63,5.25,82.92
3.35,1.19,55.37
6.45,-7.80,54.40
6.09,31.97,77.08
9.23,18.66,62.29
6.74,33.73,36.03
19.23,56.06,37.06
35.61,57.79,3.81
11.40,79.58,40.86
11.47,58.53,60.18
0.77,70.20,29.13
-25.55,86.40,40.61
-23.69,28.64,64.36
-16.78,83.20,39.51
-41.01,83.91,31.30
-42.46,52.65,35.59
-26.57,82.96,34.99
-34.82,33.58,43.44
-16.36,48.21,40.64
-19.13,59.57,35.72
-15.48,57.67,17.60
-17.93,71.33,24.08
-9.02,72.75,27.05
2.30,79.14,33.98
-22.30,56.14,18.06
-43.42,59.78,9.44
-85.89,8.60,19.50
-146.45,87.59,16.01
-79.43,30.32,2.85
-88.63,41.20,23.23
-89.24,37.96,-6.86
-78.61,23.08,3.64
-44.72,15.88,16.34
-31.64,77.08,46.58
-18.10,64.18,40.95
-12.64,66.16,24.63
-11.65,47.10,36.32
-1.38,55.70,48.15
-18.60,44.72,56.71
1.65,31.66,17.30
4.37,25.28,-1.72
11.59,107.99,-2.18
37.96,86.48,3.98
55.18,55.37,-27.08
-30.90,-4.44,72.36
-2.60,89.77,8.85
-26.41,99.03,-12.47
-32.04,75.43,2.32
-27.12,73.21,37.79
-25.46,81.88,26.16
-26.74,64.28,16.95
-21.45,46.97,17.54
-30.17,42.06,28.92
-20.36,62.88,23.00
-15.67,68.05,44.95
-22.33,64.49,27.96
-38.63,47.35,24.13
-107.32,31.89,-15.97
-94.24,52.42,1.32
-83.24,-3.93,-6.01
-113.83,50.80,11.84
-77.42,53.65,11.24
-45.61,31.43,26.36
-50.32,74.72,96.54
-1.70,68.69,56.37
-13.48,46.14,40.30
-15.50,39.02,48.80
-6.84,43.65,22.64
8.79,39.09,-2.24
10.06,71.81,-23.12
31.74,38.82,-6.34
17.14,77.76,31.05
20.95,140.95,1.40
27.24,86.25,-1.17
12.64,46.64,-1.26
6.38,16.68,7.36
34.96,156.90,-83.49
2.45,96.57,51.18
-31.28,66.04,10.92
-47.65,81.73,15.57
-46.51,75.01,28.92
-32.94,74.59,25.72
-15.25,56.10,23.02
-17.97,51.33,26.11
-20.94,43.67,39.00
-32.16,53.94,43.46
-15.92,73.19,21.30
-14.44,47.43,33.77
-32.58,62.81,31.66
-30.90,67.65,18.33
-36.79,38.63,23.50
-71.52,36.83,6.57
-106.04,12.78,-5.96
-80.10,18.90,-1.86
-84.03,7.93,-6.44
-98.18,-23.85,-0.13
-118.60,35.40,7.85
-97.21,42.22,-14.52
-70.35,7.55,-14.96
-36.14,39.46,5.29
-45.39,101.46,26.24
-29.61,74.59,20.32
-28.86,78.38,31.97
-16.55,66.50,19.75
-19.59,38.96,39.46
-14.81,38.54,36.62
-7.78,46.20,31.51
37.37,41.30,7.39
15.36,65.81,-13.73
15.82,77.15,-19.02
-4.77,52.14,4.83
-59.15,90.73,-6.19
-61.33,82.71,0.04
-48.65,68.03,4.90
-43.71,72.21,-0.59
-41.39,68.49,22.97
-34.21,63.25,18.73
-28.67,41.07,23.25
-27.68,43.86,28.62
-45.87,49.01,27.52
-53.11,43.63,32.43
-73.01,8.83,-1.13
-125.94,23.25,-25.84
-90.73,17.77,14.71
-63.61,-5.67,-24.92
-95.96,-12.89,-17.81
-77.38,60.35,0.77
-17.37,8.45,47.85
8.33,56.31,45.20
-14.15,23.71,62.46
-30.84,18.52,65.16
-37.39,31.24,60.30
-47.04,-2.85,57.96
-46.03,-29.31,45.95
-58.38,-42.20,48.61
-57.48,-9.40,45.16
-64.24,-10.42,35.59
-60.56,-5.75,30.91
-62.71,39.92,30.74
-64.40,31.37,32.89
-59.82,14.10,31.47
-54.40,4.96,28.71
-85.48,-6.53,24.15
-73.65,-20.88,7.95
-72.86,-42.43,20.92
-62.38,-47.71,23.83
-44.80,-40.07,15.11
-53.88,-24.29,24.29
-47.67,-46.14,35.19
-50.14,-26.03,16.91
-77.98,-18.00,14.17
-85.75,-20.32,8.54
-86.73,-11.65,3.85
-73.00,-10.98,17.10
-66.23,-8.64,36.41
-68.13,34.07,24.67
-67.75,23.14,22.62
-68.03,17.28,21.61
-71.75,23.77,19.58
-71.50,31.05,17.14
-65.16,23.92,17.60
-68.19,20.67,24.75
-65.16,18.66,18.92
-68.30,26.93,16.59
-74.70,29.06,13.60
-66.39,32.94,15.40
-68.53,22.54,19.42
-64.49,2.66,30.26
-60.55,16.55,23.21
-68.88,7.62,23.25
-142.58,10.40,8.66
-74.89,20.02,2.49
-77.52,10.76,-2.82
-78.32,4.33,6.97
-67.61,-3.37,7.37
-77.48,-10.52,18.46
-105.56,-5.00,32.81
-48.67,17.05,17.18
-64.80,7.55,24.79
-61.77,28.52,18.22
-63.48,23.87,8.73
-69.95,10.55,-0.90
-86.44,10.90,1.90
-79.57,19.35,-9.37
-73.70,11.72,-20.82
-63.63,11.93,-9.85
-67.84,85.69,-18.87
-40.43,62.00,-50.83
-53.17,74.85,-30.78
-27.52,69.22,-41.07
-30.42,72.00,-46.39
-24.31,68.05,-46.70
-27.77,63.28,-41.74
-30.34,64.20,-45.59
-26.49,64.78,-46.33
-28.16,64.72,-45.70
-29.34,53.61,-43.67
-30.99,39.38,-40.63
-53.34,43.98,-22.41
-88.78,36.81,-47.67
-68.61,52.46,-31.89
-77.98,15.71,-28.96
-88.85,54.88,-17.09
-73.78,32.47,-1.70
-67.48,27.35,-38.00
-73.57,31.58,-31.62
-71.94,26.20,-41.33
-47.85,-34.59,-43.48
-80.47,22.18,-51.72
-72.52,39.74,-42.52
-56.33,48.61,2.62
-71.96,35.93,-30.93
-78.26,38.31,5.29
-78.97,69.66,23.96
-84.85,42.25,-34.17
-74.22,34.99,-32.39
-53.21,11.36,-15.82
-58.53,40.84,-5.98
-60.51,26.11,-6.67
-74.72,55.70,-32.43
-64.24,18.14,-17.20
-69.64,35.03,-27.72
-70.74,25.36,-29.21
-68.26,26.57,-40.93
-75.52,40.13,-24.73
-73.53,79.58,-17.37
-101.32,36.62,-27.16
-66.04,-27.06,-14.15
-66.75,47.06,1.93
-105.38,3.26,-42.25
-83.91,18.10,-18.75
-74.70,-1.69,-13.16
-68.53,13.29,-4.60
-73.26,-12.76,-0.50
-69.66,9.12,-19.38
-70.60,-26.43,-27.06
-57.31,-23.83,-30.86
-110.27,26.41,-9.77
-40.03,-20.02,4.94
-63.61,-23.81,-1.09
-96.59,-19.29,-47.58
-100.48,-12.14,-32.3
-63.42,-13.24,-28.94
-75.58,-25.86,-29.08
-86.67,56.33,-12.22
-67.88,-6.34,-6.36
-57.58,2.32,-9.63
-99.29,24.79,26.09
-70.93,11.82,2.66
-59.19,9.40,4.83
-55.16,7.97,8.77
-110.94,50.09,-60.07
-80.96,-16.59,-27.77
-63.53,-42.50,-25.19
-70.72,-14.56,-32.16
-105.83,71.62,24.19
-51.50,62.00,16.20
-76.52,18.90,22.41
-66.35,1.84,20.26
-74.20,21.17,-33.27
-81.44,-12.79,-17.14
-76.79,-1.88,-34.88
-12.89,0.48,-0.10
-62.88,4.92,33.98
-47.56,20.26,25.09
-64.45,2.09,43.00
-79.32,10.32,-48.50
-4.56,-66.46,-89.24
-52.18,-9.46,-14.71
-69.74,-11.36,-19.50
-67.40,-22.51,-31.64
-58.38,-127.43,15.50
-88.91,62.84,41.37
-52.37,5.59,26.93
-57.79,-20.67,32.81
-89.33,-20.00,-20.71
-85.96,-93.70,-42.58
-95.08,-26.26,-29.73
-74.34,11.91,-24.80
-107.24,-17.97,-11.3
-77.42,12.01,43.40
-45.11,5.04,16.86
-71.62,-24.04,21.80
-102.07,5.17,6.72
-52.83,-9.56,-27.87
-83.05,22.79,-12.53
-77.61,-11.51,17.76
-44.84,9.86,-18.33
-67.40,35.49,-8.35
-75.27,25.40,-15.76
-106.90,-20.23,-57.6
-117.70,42.41,-22.62
-64.28,7.41,-10.02
-52.29,19.40,-16.43
-55.41,-15.65,8.29
-84.14,-29.50,-35.95
-82.57,13.33,-35.49
-77.34,1.00,-23.46
-71.00,-4.18,-21.68
-90.29,22.22,-1.38
-57.00,-8.22,20.05
-85.27,8.81,6.51
-68.95,-6.07,19.35
-75.01,6.15,8.14
-65.37,35.38,-5.57
-79.55,4.02,-0.17
-73.42,6.51,3.33
-77.48,13.31,3.79
-76.44,7.41,1.46
-76.19,5.55,3.28
-75.77,9.52,0.34
-80.35,6.38,1.59
-74.70,10.52,0.94
-76.69,10.17,2.97
-76.19,10.75,0.65
-76.00,10.53,3.18
-77.25,8.49,0.67
-75.62,10.02,3.26
-74.95,9.29,-0.82
-75.93,6.53,-2.20
-76.35,8.62,-2.34
-78.36,12.45,-8.94
-74.36,7.01,-3.49
-70.60,-4.39,-6.97
-85.81,16.53,-27.58
-75.83,8.01,-24.21
-75.95,-6.47,-18.75
-117.99,5.04,-5.69
-70.75,25.86,24.38
-62.14,1.69,27.28
-45.05,0.80,22.52
-37.10,33.67,-34.09
-73.86,44.80,-31.13
-93.43,40.49,-31.34
-94.93,26.34,-30.95
-78.36,48.54,-11.82
-70.20,6.05,-26.85
-81.90,30.21,-29.42
-87.38,40.45,-0.86
-81.17,33.90,-40.57
-76.46,10.00,-8.37
-93.34,3.24,-8.93
-89.89,11.91,-7.30
-73.36,29.32,-4.73
-73.28,3.14,-17.07
-60.10,-6.07,-19.69
-86.54,-30.91,-9.67
-78.74,11.65,-42.50
-76.67,40.18,0.67
-79.89,22.49,14.79
-51.85,-10.40,6.90
-54.61,-5.09,11.95
-105.10,30.17,-20.86
-126.22,58.78,-26.60
-36.89,5.54,-68.03
-156.91,67.98,43.04
-14.10,31.37,-13.62
-67.96,88.93,35.97
-71.00,-37.45,10.80
-14.83,-2.95,-20.99
-102.80,67.82,13.47
-96.54,-8.93,15.50
-70.43,2.39,4.58
-57.84,-10.17,-11.40
-82.80,-3.06,6.82
-83.82,-10.07,0.73
-78.80,6.47,0.67
-83.07,27.41,-18.31
-72.78,16.22,2.51
-84.58,17.64,-3.31
-68.02,8.24,-86.59
-101.27,42.87,-24.00
-62.79,14.44,-12.91
-79.14,-23.14,-30.36
-63.30,20.42,-18.52
-58.59,6.61,-47.44
-48.94,29.02,-53.75
-83.07,20.61,6.03
-86.52,25.92,-32.81
-55.11,5.38,-49.72
-58.09,2.22,-59.55
-72.34,16.47,-44.34
-69.93,6.36,-27.03
-54.97,44.74,-25.59
-72.56,44.05,-19.36
-77.48,19.19,-9.63
-75.10,31.58,-47.73
-85.08,-43.21,-27.29
-68.26,-31.43,-57.02
-65.43,20.03,-32.85
-91.88,32.01,-11.38
-97.84,21.36,-11.30
-66.94,1.74,-7.55
-71.37,27.72,-24.02
-107.40,24.82,-19.35
-80.47,43.82,-22.54
-61.35,21.80,-35.70
-99.66,54.34,56.81
-69.49,69.45,-14.06
-70.08,50.43,-3.72
-70.83,51.20,8.22
-83.40,12.26,7.36
-88.57,24.10,-1.30
-83.59,10.94,-5.00
-74.03,3.51,-7.16
-69.11,-4.39,-5.98
-74.47,9.56,6.63
-63.78,35.19,-18.87
-79.43,6.45,-4.83
-81.56,33.86,-6.97
-75.66,28.67,-22.87
-74.43,6.91,-23.48
-156.91,-18.83,54.90
-70.95,9.81,-1.86
-78.45,31.32,-20.15
-76.94,7.07,-11.59
-87.92,57.40,4.52
-75.39,35.19,-37.96
-133.50,39.61,33.37
-76.25,10.84,-5.27
-51.28,7.16,-7.60
-69.09,9.94,-20.49
-70.14,2.34,-18.75
-70.43,17.47,-26.09
-80.04,1.53,-23.08
-82.00,18.92,-20.78
-71.02,13.12,-18.58
-76.71,16.55,-32.37
-72.96,14.56,-31.99
-76.75,20.59,-35.32
-82.52,4.44,-36.32
-70.91,9.71,-39.48
-47.81,19.23,-58.34
-56.79,7.97,-57.77
-60.99,1.99,-51.16
-63.04,-10.92,-35.19
-85.87,-18.92,-16.97
-66.83,-4.88,-12.64
-77.55,-3.58,-12.34
-83.61,-9.06,-8.35
-93.11,-15.11,-12.07
-78.68,10.44,-23.81
-72.56,-0.67,-15.50
-71.10,2.62,-1.07
-67.79,-1.63,7.36
-73.34,-7.41,7.85
-81.86,-9.23,2.01
-84.83,-3.95,13.85
-124.65,-8.85,39.74
-62.19,98.53,-8.64
-11.89,68.74,-9.14
-22.45,60.51,35.45
15.21,72.19,27.16
-6.90,111.51,38.19
2.39,68.49,35.74
-17.47,32.33,36.58
-40.45,21.74,1.19
-131.53,56.70,-6.24
-63.02,49.92,-1.42
-85.35,2.49,-14.92
-78.01,-8.73,1.88
-77.19,13.47,3.45
-66.16,34.23,41.05
-59.43,-7.62,13.14
-64.15,-20.34,25.03
-62.90,1.17,17.49
-89.12,21.57,2.66
-78.95,53.73,2.76
-61.12,17.91,0.86
-61.98,6.03,0.11
-67.48,5.78,-0.42
-110.46,1.49,16.76
-68.38,105.40,-33.69
-48.98,14.88,1.36
-43.31,-17.22,11.55
-55.87,1.19,22.87
-133.77,32.85,12.83
-93.07,54.90,8.37
-50.20,33.25,-1.67
-53.65,7.64,1.11
-93.24,4.56,17.70
-105.88,31.32,26.16
-57.90,51.81,27.60
-53.31,4.35,14.33
-51.47,21.18,23.87
-67.23,24.02,11.42
-92.88,53.78,25.61
-62.98,32.35,9.67
-65.03,13.79,2.91
-71.46,18.96,13.08
-82.76,33.75,38.67
-61.43,18.18,26.74
-53.31,10.21,37.75
-45.41,14.96,31.53
-62.33,2.82,49.00
-96.13,37.16,33.02
-78.03,87.84,-4.90
-59.32,47.79,-4.31
-60.18,28.48,5.11
-64.64,33.69,1.95
-65.41,35.15,8.35
-72.29,-7.05,77.29
-46.29,-0.67,22.12
-49.03,16.20,31.47
-69.61,33.96,22.33
-98.43,19.67,24.11
-84.41,39.53,13.39
-65.18,35.26,-11.03
-65.62,26.39,-4.56
-68.84,2.60,13.89
-89.10,1.72,13.33
-67.52,12.07,-2.80
-28.54,106.55,32.16
-25.69,34.50,23.71
-35.95,11.57,43.75
-50.51,30.95,40.84
-40.41,24.36,25.07
-62.59,25.21,19.25
-70.91,43.50,26.78
-88.28,15.38,8.03
-73.91,25.90,5.00
-71.44,11.74,4.83
-70.97,16.32,6.26
-88.49,10.71,52.60
-58.88,23.23,15.13
-57.23,18.54,28.14
-54.65,23.31,17.51
-57.06,28.94,4.98
-96.61,21.74,21.43
-79.37,34.06,1.97
-69.68,23.94,-4.94
-86.75,19.75,-3.22
-94.06,24.38,3.37
-58.76,25.00,24.04
-57.33,23.52,19.44
-57.25,24.42,30.36
-59.38,23.81,29.06
-68.28,20.25,26.37
-66.75,11.65,28.21
-71.65,31.30,13.25
-75.79,11.17,19.33
-70.97,6.51,13.98
-77.98,19.44,11.86
-69.30,-7.83,14.73
-72.42,2.15,9.56
-85.56,7.07,2.20
-76.37,2.60,5.19
-77.78,-30.38,6.49
-66.14,-31.32,8.75
-62.94,-28.96,10.61
-71.88,-19.59,17.99
-102.88,-22.45,30.55
-74.18,-1.19,30.47
-66.37,-10.04,23.48
-52.41,-24.90,24.48
-46.85,-19.42,23.54
-58.76,-17.70,39.86
-132.43,2.30,29.77
-80.27,2.55,10.92
-69.11,14.48,-2.59
-68.23,-0.96,11.01
-71.83,2.55,3.60
-91.15,-2.97,11.66
-82.59,16.51,-3.96
-78.01,18.54,22.08
-60.20,8.56,4.87
-64.32,-1.47,24.08
-63.05,5.84,24.48
-59.68,20.28,24.80
-75.81,53.73,22.87
-67.54,37.45,29.54
-56.27,30.38,2.82
-67.73,32.37,10.69
-70.08,19.79,11.59
-79.55,30.22,9.35
-69.72,38.23,27.06
-53.80,28.86,19.10
-66.73,33.58,16.32
-61.89,27.12,14.10
-63.94,26.70,16.76
-62.00,28.86,11.24
-76.79,45.03,3.03
-73.74,39.76,2.80
-75.18,33.63,-5.54
-73.67,34.63,-5.27
-68.26,28.44,-3.01
-66.25,31.34,18.73
-58.97,42.29,10.19
-61.37,34.59,9.63
-65.77,28.31,10.78
-71.08,29.13,10.46
-64.13,16.41,8.45
-69.39,14.88,7.93
-82.17,25.02,1.34
-71.42,43.31,-7.01
-77.48,33.42,-6.59
-72.50,18.22,-11.32
-79.74,21.34,-0.15
-75.89,2.82,4.50
-68.55,21.07,6.51
-70.43,26.37,14.00
-75.72,16.91,22.41
-63.02,12.37,18.35
-69.91,20.44,20.59
-66.92,17.66,14.73
-62.29,16.72,7.62
-77.98,4.35,13.64
-75.47,5.52,10.59
-74.91,14.54,9.65
-69.89,2.62,11.30
-84.01,0.79,12.93
-70.51,9.40,10.92
-77.17,0.79,10.94
-72.31,-7.26,11.32
-70.10,-5.08,9.48
-75.05,-0.90,6.72
-74.14,-6.23,6.90
-78.88,-2.39,13.06
-76.58,-1.53,10.92
-73.74,-4.42,10.34
-75.79,-0.96,15.11
-72.71,-7.70,8.35
-75.56,-0.75,15.40
-72.73,-4.58,1.17
-72.57,-5.29,4.33
-68.53,-17.47,8.27
-76.31,-11.97,12.35
-74.18,-12.35,11.51
-74.37,-13.75,10.82
-72.11,-9.16,9.14
-71.33,-14.96,11.30
-72.69,-15.05,11.51
-74.60,-13.50,11.40
-73.19,-10.07,10.04
-73.91,-11.89,11.57
-73.44,-11.61,10.53
-73.42,-14.44,9.06
-74.64,-7.72,10.25
-74.13,-20.63,8.85
-70.72,2.66,4.71
-77.44,-2.11,11.86
-71.75,-10.75,12.34
-81.40,-1.46,0.59
-73.67,-8.14,9.98
-78.40,0.69,2.13
-76.35,-5.92,5.65
-73.72,-2.78,1.17
-78.76,5.34,8.50
-63.05,-11.72,6.32
-74.24,6.26,15.17
-87.78,-3.62,11.40
-71.23,-11.45,8.24
-87.69,0.84,11.45
-72.46,6.30,12.49
-78.30,0.31,11.53
-75.18,-1.76,11.91
-75.49,-2.51,11.80
