gX,gY,gZ 
-1.52,-0.51,1.92
4.51,-0.35,2.99
-1.36,0.43,0.23
0.16,-0.37,0.91
6.57,1.05,5.77
2.20,-1.26,7.38
1.88,-2.18,3.89
-0.51,-2.84,3.73
-1.85,-3.30,2.95
-1.03,-1.44,1.63
1.32,-0.93,0.10
0.89,-0.52,0.62
0.16,-0.08,-0.82
-0.37,0.76,-1.28
-0.21,0.89,-1.34
-0.56,0.45,-1.11
1.42,0.08,0.37
-2.35,0.41,-1.17
-0.85,0.16,-1.81
-1.85,0.08,-1.20
-0.52,-0.21,-1.50
1.40,0.29,-0.00
0.51,0.41,-0.27
0.27,0.12,-3.92
-2.99,-0.72,-6.53
-2.51,0.00,-0.99
-1.40,0.16,-0.37
5.09,0.80,3.59
2.56,0.97,3.73
0.14,0.87,0.33
0.33,0.43,-0.84
-2.06,0.51,-0.49
1.79,-0.29,0.12
1.63,0.99,1.20
-0.84,1.71,-0.16
-0.80,0.14,-0.93
-5.79,-0.17,-2.88
-0.58,-0.35,-0.64
-1.38,1.61,-0.41
2.10,0.51,0.89
0.89,0.21,0.93
2.23,0.10,0.21
2.20,0.35,-1.24
-3.26,0.51,-1.28
-23.35,3.21,-1.57
-5.32,-3.69,-8.47
13.52,-2.72,-9.52
7.83,16.48,-1.22
-16.53,13.50,0.62
-0.87,4.88,-0.02
-1.07,3.30,-4.53
1.11,0.35,-9.17
5.01,-3.26,1.34
-0.16,-6.12,8.14
2.62,-8.37,8.24
-7.56,-4.24,7.36
-12.28,-3.40,4.20
-9.15,-1.77,-2.89
-10.61,-4.72,-4.92
-6.10,-5.52,3.32
-2.31,2.12,14.67
3.94,8.06,17.99
10.74,11.39,7.83
15.15,9.73,0.21
3.54,18.38,-8.94
4.80,20.85,-8.74
13.37,1.30,-9.64
18.61,-9.21,-8.06
46.51,-21.84,6.39
53.56,-32.00,10.06
51.19,-36.18,0.14
50.16,-43.48,-0.62
29.24,-15.72,-3.77
34.76,-8.22,0.29
42.88,-1.20,-1.77
28.64,-3.40,1.73
26.79,-2.91,7.42
31.20,-4.74,10.57
18.36,-6.88,-6.16
-7.87,-6.39,-11.56
-9.42,0.99,3.96
-7.91,4.49,-3.15
7.64,1.75,1.17
3.48,1.03,1.79
7.31,7.95,-0.56
24.85,2.49,5.65
34.21,-4.33,10.04
8.61,-2.95,2.18
-13.95,-1.28,-1.98
-10.78,-9.05,8.39
-35.61,-20.28,-28.13
10.84,15.17,-15.54
-25.14,8.92,-10.49
-21.20,6.94,-8.45
8.65,7.91,5.65
-3.42,9.33,5.91
-42.33,8.08,-5.54
-20.34,1.40,5.30
-71.21,4.97,0.37
-33.07,9.62,-1.88
-57.57,8.18,14.49
-38.55,16.34,3.61
-26.05,11.68,4.02
-12.94,13.27,0.89
-17.72,9.73,-1.65
-19.72,8.68,-6.14
-3.03,5.50,-6.80
14.90,4.93,-2.56
13.99,8.63,-2.72
10.57,11.58,2.37
6.96,7.62,12.01
8.84,8.00,12.53
20.17,-1.83,12.20
11.07,-5.36,11.31
-4.57,-4.24,5.83
-4.37,-3.03,5.71
-0.84,-0.27,5.38
2.04,-8.74,5.93
-33.71,-1.13,-23.66
-10.80,-1.81,-9.48
6.24,1.83,1.90
8.30,0.43,8.65
22.94,-1.85,5.32
9.69,-6.96,-1.59
-3.40,-0.29,-7.19
0.02,1.50,-4.97
-5.38,3.42,-25.16
-14.71,3.24,-33.28
-11.89,-4.20,-24.62
10.37,-1.75,-26.87
22.21,5.96,-16.86
2.29,6.72,-2.29
-32.25,-4.76,44.49
1.87,-10.76,23.02
-5.19,4.35,-22.54
29.30,-1.11,23.43
32.60,22.89,1.92
33.57,24.30,4.37
28.81,22.44,5.65
31.77,12.63,15.58
31.38,7.65,17.21
30.68,6.47,25.98
41.62,3.28,26.27
7.87,22.54,14.47
-17.21,3.69,-4.27
-19.41,33.63,-16.49
-16.22,30.77,-12.57
-19.12,33.01,-6.06
-30.13,17.84,-3.07
15.74,3.11,9.62
23.26,-6.10,8.24
10.43,16.90,1.30
-20.83,-15.76,0.80
-120.98,-36.04,-10.3
35.42,10.57,23.66
24.36,8.33,1.28
8.51,10.49,-7.54
11.25,-0.99,-7.62
9.68,-1.55,-9.33
5.15,-6.45,-4.99
21.39,-4.62,-4.82
5.95,-5.46,-6.63
-57.74,-29.57,-27.04
43.27,-0.80,21.24
17.08,6.08,-3.28
-4.57,-9.79,-8.63
-61.24,-20.59,-14.34
16.01,4.70,26.89
35.36,19.82,1.61
7.05,-9.87,-7.71
-30.89,-22.25,-11.15
-81.50,-41.98,-26.25
127.94,24.27,3.28
67.34,13.29,5.03
18.36,-7.34,-8.14
-27.20,-15.08,-7.01
-67.53,-18.83,-16.46
20.57,2.88,14.59
48.47,20.87,17.93
8.49,41.19,18.96
-11.40,34.00,9.17
0.68,19.12,11.95
11.31,10.59,-0.25
-2.64,6.92,-8.90
5.42,4.27,-7.34
7.05,2.60,-13.72
6.02,1.59,-21.37
6.51,3.34,-15.56
5.32,4.78,-5.03
14.32,-29.28,3.79
-20.38,-17.31,8.53
4.04,18.98,25.86
30.39,10.24,34.06
-5.98,2.23,11.48
-9.23,6.64,10.47
-34.52,8.45,11.09
-6.63,18.42,3.05
-33.67,6.96,-5.71
-11.79,5.09,-5.21
-25.63,16.28,-8.22
-32.31,9.54,-1.19
-14.45,-14.26,-6.78
-21.12,-26.77,-25.88
0.91,-22.48,-14.59
3.03,-7.48,-27.74
-16.22,-14.14,-0.16
2.99,0.35,20.42
15.02,-14.65,-25.90
18.53,-4.47,-18.09
14.90,0.76,0.51
4.84,11.33,-1.75
7.19,8.80,-4.29
28.52,5.73,0.04
-20.03,-13.02,-21.27
-39.40,-36.78,-47.68
-47.56,-11.77,-73.38
-45.21,1.55,-46.49
-41.46,-27.22,14.94
-53.06,8.92,26.87
3.11,17.12,8.98
19.51,10.10,3.07
22.03,2.47,4.59
-18.52,-7.54,19.91
-2.84,-9.05,18.67
1.69,-5.46,32.50
19.60,-0.82,44.86
-17.33,0.84,28.19
-4.35,-6.12,8.67
7.56,-1.65,-8.20
-1.19,7.81,-5.36
-6.84,2.51,-3.26
-6.08,0.04,-6.51
-2.33,1.19,0.62
-4.20,1.48,-1.90
1.48,2.43,-4.41
-0.95,2.74,-6.78
2.10,2.93,-8.59
-3.54,1.96,-11.37
5.85,1.59,-14.20
-0.72,2.16,-12.32
-1.63,2.47,-10.88
4.68,1.57,-7.65
-4.70,2.89,-6.35
4.31,0.31,-5.52
-0.91,2.20,-4.64
-5.21,1.28,-3.50
-3.05,-1.11,-5.21
-6.51,-1.32,-5.89
-5.40,3.96,-5.60
-5.42,6.22,-7.27
-1.88,8.82,-3.56
-4.16,8.04,16.24
22.23,9.91,32.33
19.20,10.03,28.42
37.57,17.21,29.80
32.97,10.10,15.15
8.57,-12.16,-14.51
-17.35,-1.40,-24.32
-17.37,-18.61,-31.01
-22.75,-9.52,-18.17
8.49,-1.11,2.74
19.21,-1.81,16.16
21.51,-8.00,19.95
30.89,-10.10,16.84
29.12,-5.15,-0.49
14.45,2.93,-22.26
9.97,7.29,-41.81
-1.24,0.37,-38.20
2.45,-10.96,-22.54
-8.49,-10.53,-13.77
-13.93,-10.32,-19.54
-17.25,-11.70,-6.64
-31.32,-18.32,-8.14
-22.60,-3.57,-16.28
-16.94,-5.48,-20.52
-5.96,-9.79,-22.77
4.53,-43.77,-31.20
-44.70,-46.65,-71.21
-34.37,-9.79,-39.28
13.54,-23.70,33.55
6.53,-29.96,78.96
44.94,-37.24,93.14
85.83,2.08,44.63
31.57,-2.21,17.82
7.03,-4.47,-4.12
-16.11,-12.08,-18.94
-12.12,-3.48,-15.13
20.05,12.38,-14.11
16.69,33.26,-55.82
9.29,26.95,-38.49
3.81,4.99,7.56
12.20,9.73,12.30
9.21,-5.71,3.87
4.10,-2.51,29.92
-12.22,-14.92,48.92
9.71,2.51,5.67
41.67,18.83,-4.49
8.33,9.97,-10.22
-5.58,-3.77,18.07
-12.14,-8.65,-2.76
18.96,-4.51,-5.38
-31.47,-9.52,9.36
-19.49,-3.50,-0.93
-25.30,-11.02,-6.08
22.73,-6.92,8.51
30.33,0.04,20.94
11.48,7.32,10.82
-3.03,10.47,1.19
5.11,5.44,-4.92
5.48,-7.83,12.98
-10.39,21.31,-1.48
-92.54,27.34,-28.46
8.33,16.13,-4.49
6.49,0.16,-4.93
-10.28,-9.69,-9.64
16.77,-2.68,0.87
12.05,1.75,-0.54
8.74,0.21,3.32
24.93,-2.29,11.25
20.77,-2.21,10.96
5.85,-2.72,6.57
9.87,-2.74,4.27
1.11,-1.57,-0.52
-1.01,-4.33,0.10
6.37,-4.70,1.38
4.80,-4.12,3.63
6.99,-2.78,3.67
4.22,0.72,-3.69
1.94,1.55,-2.93
1.79,1.87,-5.42
-11.13,-3.79,-13.56
2.02,-3.15,-3.85
-2.58,3.13,-1.17
1.59,1.01,-1.90
0.60,-0.64,0.02
0.60,0.49,0.08
3.15,0.60,2.45
2.91,0.74,1.90
3.50,0.54,3.15
7.13,2.72,0.99
-6.61,0.97,-12.51
4.80,-3.32,-5.87
6.08,-2.74,1.57
2.31,-1.67,6.47
9.01,-0.58,8.08
18.13,2.14,-1.73
-4.55,11.50,-11.27
-13.77,5.05,-6.35
5.71,-0.66,5.87
3.44,0.16,3.30
-3.36,3.36,3.91
3.98,6.16,-1.83
3.57,0.82,0.12
-1.90,-6.47,8.06
-4.55,-5.21,5.23
-0.56,-5.07,5.23
0.21,-2.49,3.56
-3.15,-1.09,1.88
2.29,-1.92,-1.24
-2.74,1.87,-0.89
-5.77,0.74,2.04
3.17,-2.95,0.47
4.41,-1.26,0.23
2.72,-0.16,-1.36
-0.17,-1.55,9.27
15.72,-6.49,20.40
-31.01,-0.68,-12.47
-0.66,-6.00,-8.72
10.12,1.17,0.74
-0.62,4.39,-1.67
6.18,2.33,5.60
18.20,4.82,21.70
-10.30,10.32,-46.92
-1.15,6.82,-46.94
-21.29,-6.63,-14.75
-22.23,-6.94,-10.86
-5.05,1.75,2.31
13.27,11.37,6.02
0.76,8.14,3.38
-6.08,4.92,-6.74
-5.75,2.56,-5.91
-4.22,0.10,-2.89
-0.74,-4.43,2.53
4.33,-4.20,5.09
-6.57,-4.39,1.19
-2.14,-4.45,-1.55
10.63,1.24,-0.33
5.07,6.59,-2.60
-1.20,2.37,-3.05
6.57,0.14,-0.37
-3.63,-0.60,2.27
-8.06,-11.62,-2.60
0.70,-6.92,2.53
5.09,0.43,2.89
16.24,-2.88,4.29
-0.16,-4.92,3.19
-9.95,-6.86,-11.02
10.63,-3.92,-2.20
-6.35,0.16,-6.51
-0.27,7.25,-0.78
-1.69,4.45,1.94
-5.21,7.67,4.12
1.63,9.21,9.46
1.48,-8.35,-9.17
7.97,-0.06,-5.21
0.27,0.89,-1.59
0.93,5.09,-2.12
3.61,4.25,-0.56
1.87,3.83,5.07
6.43,4.55,1.50
3.42,4.22,-2.99
13.60,5.81,5.52
12.03,6.47,8.02
-2.06,12.94,0.25
10.28,17.56,-6.63
6.96,17.37,-21.24
-8.67,14.57,-22.40
-15.12,6.37,-19.60
-7.31,-6.90,-15.56
-17.19,-9.81,-19.99
-19.00,-11.62,-25.86
-15.99,-15.04,-20.71
-8.63,-15.97,-17.72
-11.54,-14.77,-12.96
1.30,-20.69,-22.03
-17.70,-15.33,-14.47
-14.92,-13.04,-9.50
-8.53,-0.33,-4.33
1.17,6.00,2.00
-14.07,10.24,6.31
-14.28,7.25,4.14
-16.49,5.93,-2.86
2.20,11.91,-5.83
-6.47,6.39,-12.01
-8.24,2.93,-9.95
-12.55,-7.29,-9.33
-17.35,-12.75,-3.36
1.71,-11.21,-3.23
-9.29,-16.81,-10.26
12.07,-2.18,15.15
9.95,6.99,8.94
-48.14,-0.25,-36.62
-57.49,29.03,-43.19
-71.21,8.94,-21.08
-4.41,3.30,-2.60
28.52,-5.73,13.19
46.73,-12.88,10.16
13.06,6.22,15.89
16.01,5.54,21.66
-23.88,12.01,6.84
-26.17,0.23,-6.66
-12.12,-9.50,-10.24
-8.88,-0.99,-10.47
-5.98,-6.00,-8.84
-2.91,-1.73,-6.08
5.30,4.47,-4.20
2.21,5.77,-5.69
-9.36,3.44,0.52
6.16,9.40,14.47
-9.35,0.99,12.78
-27.08,-14.07,-6.53
-46.53,-2.56,-19.66
-29.30,7.52,-19.80
0.87,16.40,-3.81
0.70,-5.21,-26.07
-40.62,-13.52,-28.15
-19.37,-7.67,-13.35
2.97,5.21,4.99
30.70,7.60,23.49
4.29,1.24,10.03
15.56,-2.39,15.33
10.43,-9.17,5.58
-1.38,-6.92,-11.13
-11.15,-6.84,-27.08
-41.48,6.76,-18.69
-13.35,16.01,-1.63
13.87,12.41,1.24
21.76,-0.27,14.71
-3.38,-4.97,9.58
-10.37,2.29,8.74
-27.96,12.80,-17.17
-20.67,1.36,-30.27
-30.58,7.64,-14.92
-10.03,12.47,-14.45
6.45,3.46,-0.70
6.94,-2.25,6.97
-10.06,-7.17,1.87
-3.26,6.39,11.05
-24.98,1.69,-12.86
-8.12,-0.56,-15.12
-1.11,-1.50,-5.46
-8.00,2.72,-1.01
-6.35,3.59,5.77
-0.93,2.93,3.44
4.74,5.56,6.24
0.95,-2.10,2.84
2.12,-4.10,-0.70
-41.52,4.43,-42.00
-37.79,12.14,-48.63
-26.52,14.61,-29.20
8.84,7.03,-3.44
3.32,-5.30,-15.17
30.11,13.81,-7.97
25.76,1.38,-0.74
-12.75,-6.08,-0.78
-2.29,-7.65,2.35
12.76,6.33,4.04
-8.35,10.06,11.37
25.55,2.80,2.82
-1.17,-0.56,8.72
-14.98,-8.04,-0.78
-10.34,-9.50,-11.64
-19.25,-5.87,-5.19
-5.09,-9.50,-0.45
3.19,-5.46,-4.60
-7.46,-6.08,6.26
7.11,3.77,2.78
3.03,-1.24,-1.63
-5.56,7.69,-4.14
12.92,8.70,-8.53
-0.72,6.41,-1.75
-0.84,1.13,-0.35
1.07,-0.60,-1.20
-6.35,-1.79,6.31
-7.65,-7.75,35.79
-46.96,-14.01,18.07
-8.35,-6.51,-3.85
-7.36,3.56,-1.63
7.71,-2.55,2.99
-12.05,1.20,12.16
1.19,-0.43,9.68
-51.08,-1.24,-24.19
-41.48,6.70,-24.27
-14.75,7.54,-8.39
-7.65,-20.17,8.28
-13.83,21.84,-19.60
-22.25,-6.45,7.93
-17.54,-10.26,8.14
31.65,6.45,12.05
-4.80,11.02,1.26
-9.62,1.24,-5.42
-4.74,4.68,1.83
-2.80,1.19,1.03
5.75,0.78,0.58
11.31,-0.45,-7.27
4.41,-0.43,-20.87
13.39,-1.67,-11.15
-7.32,-0.85,-7.67
-21.57,-3.59,-6.24
-3.92,-1.73,2.10
-12.32,1.81,-1.63
8.30,11.79,2.37
8.51,5.03,1.55
-11.15,1.57,5.48
-8.12,5.65,15.52
-7.54,-2.39,-4.84
-4.62,1.32,0.72
12.53,5.09,-0.25
4.08,-7.81,5.93
26.73,4.66,5.48
18.86,2.60,-3.40
48.43,38.24,19.89
47.48,-3.30,19.47
21.29,-24.64,27.65
8.10,-11.11,9.40
17.00,-11.13,-9.35
2.31,-10.12,-4.47
3.63,8.35,1.98
23.82,5.38,-0.21
26.77,-0.08,12.05
16.11,4.66,17.72
6.96,-5.15,8.41
11.58,-2.04,7.67
8.78,-2.23,0.60
6.08,-6.68,-1.17
-4.31,-1.98,-8.35
-15.66,0.49,-22.98
10.06,11.27,-8.82
6.68,1.26,10.28
0.68,-2.56,15.97
-6.12,3.26,5.73
9.77,4.16,8.88
-1.44,7.79,-2.76
-11.99,2.86,0.37
-30.27,1.52,-2.14
-34.97,0.49,-5.30
-23.68,2.99,-2.51
-8.72,3.13,0.54
-6.86,0.80,2.37
-0.27,0.41,2.43
5.85,-0.06,3.11
8.18,-3.83,3.73
-1.38,-0.21,-1.65
0.41,-2.53,-0.47
-1.67,-0.93,-2.62
10.45,-2.14,5.03
3.09,-2.56,2.06
4.78,-2.23,1.38
0.29,0.56,0.51
4.00,2.78,0.62
8.70,-0.08,4.27
1.85,0.19,1.30
-4.59,-0.72,-1.92
-6.99,2.62,-6.63
-0.51,0.16,0.91
2.35,0.93,0.37
11.46,1.77,5.48
2.99,0.39,0.25
-2.58,0.21,-1.87
-1.96,-0.04,-0.16
1.52,2.20,4.45
1.03,1.28,-1.87
4.06,-1.30,3.34
6.33,-0.64,4.22
5.46,1.24,2.88
5.42,-0.27,5.65
6.72,-3.91,4.92
1.44,-3.42,2.56
3.63,-2.86,1.63
1.81,-2.51,-0.74
3.67,-2.68,0.29
5.81,-3.46,-2.35
7.03,-3.85,-9.50
3.44,-5.40,-16.11
4.49,-7.65,-11.56
12.08,-4.55,-7.32
19.51,-6.35,1.75
9.77,4.39,7.62
-4.64,8.53,9.09
-16.73,8.00,18.88
-35.44,4.43,6.55
-17.41,4.95,9.23
-4.43,4.68,7.46
-11.07,3.77,-6.92
-0.74,-4.49,-15.39
18.75,5.34,-6.22
27.14,-0.82,-10.90
51.35,-0.39,-11.83
49.23,-12.34,-7.42
54.69,-9.09,4.37
40.64,-7.50,8.22
52.77,-12.28,7.23
58.67,-8.43,8.80
65.94,6.45,6.78
39.03,3.46,-1.94
-13.68,-0.91,-3.71
-27.92,-0.51,1.48
-10.43,5.25,-1.24
-6.80,11.50,3.11
-0.99,-5.19,-8.20
-6.78,1.52,-1.09
-9.31,-1.46,-12.26
-7.25,-0.31,-22.79
-52.96,-20.73,-10.61
-24.54,2.80,-14.30
3.89,14.65,-4.37
-7.50,8.06,-9.68
-2.66,9.07,-14.67
-22.11,-2.00,-29.88
-3.23,-11.15,-14.61
-13.74,-13.00,-15.02
-16.51,0.00,-22.07
-10.86,-10.20,-11.77
-5.46,-19.10,-11.81
-10.39,-15.80,-12.96
-12.80,-7.60,-5.93
-4.64,-8.04,6.78
-21.76,-10.86,3.01
-38.00,-12.16,25.20
18.81,-14.18,39.32
12.32,-19.78,34.58
13.83,-18.81,0.54
-15.78,7.40,-20.38
-17.84,9.56,-17.35
10.43,9.03,-8.00
-3.13,0.27,6.55
-22.42,-2.60,11.17
-12.10,6.97,-8.59
-20.65,5.07,-17.02
-16.69,9.99,-33.14
2.66,0.21,-41.19
-14.84,2.95,-45.93
0.00,0.00,-0.00
-98.85,-133.22,163.2
139.22,5.50,422.86
-60.03,115.52,261.12
315.83,38.78,28.85
145.15,207.55,-134.4
205.53,170.93,47.89
128.31,51.10,143.19
169.30,54.65,205.12
21.12,242.39,81.99
117.43,252.22,28.68
-125.84,278.12,-0.54
-147.91,156.18,-71.6
7.05,53.76,49.43
47.91,90.94,33.53
-55.06,-86.20,-53.99
-636.63,-241.53,-115
636.61,311.63,254.45
-331.45,84.63,21.45
293.62,-38.64,173.55
51.56,168.89,-82.76
130.60,359.99,-242.4
-357.66,82.08,-156.3
-229.47,-102.52,0.68
-68.15,5.48,-13.77
-42.78,100.99,22.48
-303.94,188.59,28.77
-557.42,-250.55,-181
-603.58,-363.58,-241
-123.21,-374.19,-312
-191.78,-133.88,-187
115.60,-82.40,20.24
206.60,-23.68,-51.95
6.04,-36.64,-172.04
265.84,98.72,-31.57
204.15,131.43,-26.58
32.25,112.33,-54.63
180.10,98.85,-51.49
-107.96,69.83,1.38
-43.25,60.87,-28.42
40.80,54.19,-41.32
-82.86,54.03,-72.51
-77.46,108.66,-79.48
80.53,40.88,-65.67
-27.80,7.91,-171.03
-92.87,-40.49,-219.0
-36.08,-73.17,-240.9
-165.49,-116.73,-264
122.52,-21.72,10.24
112.72,53.51,107.13
247.63,-4.80,150.65
252.22,-65.73,130.27
271.41,-4.78,150.55
329.12,160.03,149.19
222.16,202.40,113.09
80.20,279.38,76.78
50.77,266.17,-26.29
-61.70,248.04,-154.9
-57.00,322.34,-141.8
-292.63,415.03,-156.
-395.66,25.02,-37.22
-555.01,-177.09,-427
-170.39,-432.15,-406
468.85,-163.86,-318.
392.59,-64.99,-37.75
-87.52,6.72,-8.16
-17.91,144.72,-29.92
58.93,152.09,-8.96
112.14,157.25,-22.25
-0.70,148.98,-34.41
-34.66,120.18,-21.62
36.68,91.35,-89.62
-3.63,112.00,-125.29
27.55,41.13,-201.90
-17.29,16.53,-287.99
-7.65,-77.56,-350.78
-18.38,-40.68,-290.3
46.90,-38.41,-203.65
-84.55,-32.46,-4.95
217.17,18.44,182.45
252.63,38.99,238.97
299.78,-39.89,178.35
339.51,-37.17,160.01
279.22,72.58,78.22
242.80,134.27,-13.02
-81.11,364.15,-26.31
18.83,225.74,48.07
-0.25,220.24,-11.21
19.64,296.89,-294.38
-106.04,349.05,-313.
-479.67,-96.83,-44.1
-636.63,-531.44,-31.
-591.03,-314.33,-394
242.06,-314.08,-387.
327.99,11.54,-6.02
150.45,136.21,29.61
-16.94,110.08,29.08
-83.41,135.73,28.46
166.97,230.32,37.65
106.56,165.26,-46.90
48.78,111.42,-20.05
-48.88,103.03,-61.88
-17.14,92.89,-105.92
-17.82,49.41,-174.72
-1.88,31.05,-258.11
27.59,-24.95,-285.97
64.02,-60.19,-321.03
75.65,-64.33,-154.88
176.08,55.97,55.51
284.86,-13.79,183.27
202.25,-43.36,149.11
220.73,53.23,129.43
300.27,105.94,116.71
315.56,145.54,99.76
188.59,163.41,11.09
-7.58,230.83,36.66
3.52,239.86,34.58
-6.96,158.24,-223.66
-142.86,23.99,-228.9
112.20,146.86,-40.72
-173.51,333.24,-216.
-636.63,342.06,-80.5
-636.63,-410.52,-80.
-396.44,-254.32,-388
-47.72,-208.47,-360.
406.91,-150.20,-636.
175.69,-209.57,-186.
56.07,-31.40,-17.41
115.72,99.10,-21.70
-40.88,113.66,9.81
53.23,184.88,-7.50
144.47,60.75,20.32
-79.02,52.13,-52.09
-52.44,57.90,-75.56
-128.23,40.84,-208.2
29.92,-14.45,-192.11
1.46,-30.99,-309.90
47.83,-87.49,-304.25
-36.29,-164.38,-281.
-77.34,-66.81,-60.91
31.63,54.19,138.39
298.73,-0.19,191.87
336.29,42.39,115.89
290.73,111.48,47.68
139.32,242.19,-1.32
-1.67,248.04,48.43
-15.97,134.83,18.55
-109.87,85.76,-25.39
-180.02,-7.25,-8.82
51.49,100.29,91.76
63.24,-68.15,5.03
180.57,-145.44,-105.
5.95,-77.09,-249.34
122.65,-148.41,-307.
-300.54,-144.51,-345
-269.76,19.02,-273.2
-129.70,363.02,63.12
107.67,-45.52,-18.86
-9.17,-47.41,263.68
-107.67,-107.87,456.
135.03,41.36,409.63
136.06,131.32,130.68
60.07,136.13,-236.31
26.23,174.93,-289.91
-119.99,168.56,-234.
-265.99,177.83,-48.3
-636.63,-418.93,-365
-524.72,-415.50,-321
327.68,-241.94,-409.
32.37,-290.92,-157.5
142.60,-62.89,-40.20
49.29,152.24,-46.43
128.38,92.32,60.97
42.78,184.65,-25.57
129.55,101.94,-34.54
60.38,-0.56,-1.03
-98.77,78.70,-115.19
-77.42,70.80,-108.00
37.77,39.89,-186.80
-51.41,45.73,-279.48
-37.79,-90.34,-378.6
-19.39,-145.89,-324.
0.72,-101.20,-174.47
81.89,91.27,130.31
153.29,12.07,260.34
330.52,-47.02,242.68
297.91,-24.30,120.65
346.04,125.78,42.68
234.64,274.15,35.77
34.39,304.99,62.03
78.24,215.85,8.98
139.01,129.90,-117.3
268.54,75.77,-467.43
-30.44,54.57,-610.93
-234.58,189.49,-247.
-549.49,78.43,50.46
-636.63,-302.36,-21.
-627.36,-512.27,-127
-171.40,-344.21,-436
118.92,-273.61,-470.
233.47,-119.64,-137.
147.69,18.32,-49.27
-100.87,17.25,-16.55
-59.99,42.94,66.48
33.30,102.23,103.98
123.16,116.94,66.58
4.97,98.42,70.49
53.19,167.06,-48.55
15.25,161.92,-168.41
-64.74,132.99,-189.8
-55.23,106.14,-241.9
125.90,-18.88,-424.8
78.32,-135.12,-446.4
-99.75,-81.15,-297.9
175.71,-3.48,44.61
254.18,86.40,272.89
324.67,76.78,231.14
236.17,12.84,114.72
252.53,110.39,90.52
138.50,194.09,89.76
168.60,320.61,32.17
50.32,375.03,-207.79
110.92,264.07,-377.9
174.68,35.63,-384.33
117.95,-45.85,-393.2
15.10,-49.31,-332.50
-129.86,-20.96,-115.
-301.33,86.42,144.02
-553.69,-181.31,419.
-636.63,-275.59,383.
-636.63,-625.54,8.28
-478.50,-379.16,-287
134.85,-221.66,-596.
-106.97,-435.86,-363
190.11,-115.75,-7.07
71.90,143.13,-48.43
56.71,118.42,-43.03
41.34,-14.75,113.62
-5.05,139.20,19.06
112.53,164.91,27.88
13.04,165.80,22.98
-4.90,103.32,-37.28
-55.55,100.79,-131.4
-56.87,112.02,-189.5
-158.57,135.44,-260.
4.35,52.07,-267.68
159.64,-25.06,-330.1
249.32,-107.15,-442.
59.51,-13.23,-96.99
289.70,120.49,174.33
433.43,146.14,319.44
257.23,65.96,219.15
202.40,82.36,122.75
218.26,136.76,35.22
123.89,195.29,-34.23
169.77,199.45,-21.08
85.15,234.38,5.38
93.53,173.88,6.37
-3.71,138.16,-19.29
-74.94,49.70,-108.47
-27.12,-28.89,-53.12
5.81,2.72,52.40
123.25,-69.59,-54.69
53.99,-196.63,-127.2
-136.54,-222.09,-120
-205.73,225.84,161.1
-345.36,87.12,182.92
-81.23,-17.47,105.34
-124.32,-39.54,66.27
-74.43,-23.00,-6.68
-63.90,46.03,-59.30
-131.65,19.88,-53.93
-153.25,-50.47,146.3
111.40,-43.58,-2.55
272.02,-151.64,54.15
91.43,-57.82,-16.46
246.70,-68.49,74.08
99.30,-35.94,75.19
-62.99,-70.64,59.10
-164.56,-105.55,-14.
-191.18,-2.72,-68.37
-288.63,21.24,-87.52
115.15,114.57,50.18
-344.78,66.10,27.06
64.42,121.39,-29.41
96.25,22.26,-5.96
190.38,-21.04,71.54
213.03,-20.98,36.86
-79.70,-159.99,-89.3
-51.78,148.63,56.07
317.21,214.59,101.55
592.68,269.90,-73.77
405.53,218.63,-420.3
28.07,164.66,-418.33
-151.29,153.81,-178.
-636.63,-39.61,92.95
-636.63,-550.83,76.1
-503.23,-557.48,-17.
-4.99,-154.96,-244.1
-44.37,-175.52,-514.
30.42,-189.25,-137.4
169.40,-71.24,-60.34
19.68,71.24,-70.31
158.73,117.27,-22.93
73.54,54.22,4.02
-91.78,143.19,-4.20
60.31,115.31,-15.02
138.66,86.44,-31.88
-143.58,132.56,-8.08
-112.80,45.85,-121.4
-11.66,29.73,-141.46
-116.51,19.37,-221.1
-101.80,-10.61,-266.
61.14,-50.61,-272.74
-156.98,-84.59,-280.
192.81,-32.37,5.03
107.61,66.13,194.98
243.71,46.03,192.24
258.20,-50.28,132.58
226.32,-48.59,29.22
218.03,77.60,-71.57
83.60,59.82,-52.63
-2.66,-19.37,-6.28
-28.87,34.74,7.85
-101.84,16.98,-60.64
-123.23,-63.10,-48.6
-84.28,-1.69,-89.68
-108.55,-20.75,-44.8
-49.58,0.91,-4.97
-145.25,93.53,-29.28
-206.89,8.49,-20.07
-185.06,-48.55,-99.8
-130.46,-5.36,-66.68
-53.62,35.50,106.70
-9.35,246.86,159.00
208.56,174.93,119.27
313.81,-18.03,204.48
153.17,-40.80,86.51
78.67,6.55,68.49
-56.83,-81.37,-15.19
-128.50,-148.14,-92.
-198.27,-189.64,-209
-165.30,-91.31,-211.
-185.00,-6.39,-100.6
26.71,155.33,119.48
64.42,235.92,228.34
244.84,69.09,79.42
189.58,-60.36,64.04
129.70,-20.34,106.29
162.65,93.66,81.42
-103.13,-87.60,-45.0
-124.91,-157.35,-120
-101.26,-83.89,-209.
68.17,187.60,-318.57
81.09,220.22,-285.83
4.78,361.23,-17.12
81.54,202.79,125.88
-277.57,-163.80,284.
-65.98,-263.55,411.6
-79.75,-274.31,242.4
154.38,-27.24,125.47
129.92,154.48,108.78
9.36,114.96,152.34
138.27,-49.60,83.21
104.84,-71.01,38.57
130.05,-5.58,14.55
14.42,-10.47,93.72
32.08,71.54,52.36
39.71,61.08,23.88
23.68,38.08,45.87
-9.48,66.27,134.64
-63.39,14.45,169.65
-159.64,-121.08,-331
-91.10,-42.86,-357.5
-123.33,-77.44,-242.
-48.30,-76.98,-136.4
-58.48,-24.01,-128.2
-58.85,-16.86,-102.9
1.46,-8.39,-58.46
2.82,0.93,8.55
31.20,8.47,63.22
70.80,9.21,64.02
47.85,6.22,38.04
26.13,-28.56,65.98
24.75,40.57,135.86
129.47,4.49,193.78
132.83,80.61,325.37
98.95,48.51,263.27
-42.72,171.79,38.90
-113.21,173.92,-20.3
-131.24,97.16,-76.72
-159.53,125.82,-96.8
13.06,76.06,-69.22
12.80,-31.24,4.62
-117.09,39.11,-25.78
-131.41,70.19,34.64
169.82,164.93,70.78
198.87,345.13,-265.5
266.89,220.75,-353.1
271.24,183.15,-214.2
134.35,186.05,-323.6
38.12,123.70,-298.75
184.67,-34.45,-310.0
150.94,-37.65,-204.9
-25.88,-106.27,308.5
-482.39,-96.75,568.0
-636.63,-566.92,-96.
-458.84,-480.02,1.88
-474.07,-284.06,-239
127.53,-244.31,-519.
-127.43,-292.16,-285
128.95,56.71,-251.75
-135.28,11.81,-74.10
223.99,30.35,-110.92
2.14,93.04,-35.59
221.37,171.11,-52.34
28.89,165.14,29.49
30.95,88.42,29.03
-62.17,80.34,21.37
-49.21,102.72,-43.87
-213.67,120.96,-100.
-88.59,93.08,-170.52
-62.64,61.70,-241.84
-55.47,11.91,-262.98
-15.15,-55.23,-250.6
62.91,-67.71,-229.93
-49.66,-60.05,-96.95
77.07,137.88,93.16
122.11,84.73,144.82
253.52,54.30,127.74
284.32,-28.44,57.99
304.60,74.86,90.09
135.69,62.81,93.64
20.92,-37.75,63.90
47.81,10.72,2.53
-29.24,-15.29,-67.28
-35.86,10.55,-44.70
-50.63,-32.56,-40.29
61.28,-70.43,-69.98
-22.30,-156.81,-245.
-575.18,-287.56,-249
-636.63,-80.78,-90.5
-328.55,24.89,-79.97
-200.23,12.51,-40.94
208.29,-156.44,72.33
140.41,-53.35,219.13
22.36,-0.54,152.63
4.18,48.65,98.68
-67.73,49.25,87.47
-36.78,15.64,89.39
146.30,29.22,88.55
-115.31,52.28,31.71
-11.87,-10.43,6.08
-9.81,-16.84,-12.08
-38.97,-25.68,-34.17
-14.88,-24.58,-34.41
44.10,-28.04,7.50
5.89,-3.30,-4.60
-5.23,1.30,-10.28
-14.79,6.39,-26.07
-16.77,13.33,-17.45
-0.56,3.13,-23.72
-2.29,13.19,-14.34
-15.66,21.72,-18.85
-4.18,12.55,-18.67
0.72,3.28,-7.19
6.88,14.45,-7.46
9.73,11.13,-4.57
20.77,-7.48,-3.52
0.00,-13.77,0.47
-2.02,-40.14,3.92
-6.53,-50.42,24.71
-11.97,-30.09,28.35
10.49,-60.40,44.37
15.39,-69.34,35.50
9.13,-10.01,-0.19
-14.80,0.52,-8.65
-10.67,4.78,-2.60
5.21,6.86,-1.71
7.81,-0.45,-6.35
6.84,1.30,-9.95
13.58,-5.87,-5.56
12.86,2.56,-3.83
-7.34,7.50,-5.40
1.32,7.58,-1.36
-4.95,4.72,-4.22
3.05,4.99,-4.39
3.05,6.76,-4.78
13.41,9.52,-5.05
17.02,26.71,-29.32
70.91,58.44,-19.10
94.48,73.23,25.51
238.89,35.67,77.95
259.74,37.09,89.76
165.20,-38.55,-4.33
113.03,-59.63,7.21
80.12,-27.96,42.37
114.96,-14.88,5.89
163.61,-49.60,37.85
191.68,-44.57,-11.60
175.13,-49.89,-39.19
131.30,-39.32,-43.19
70.84,42.53,-48.18
34.84,154.65,-42.39
414.80,201.88,34.04
157.74,87.91,43.50
-4.27,-148.24,-120.4
-99.55,-181.93,-145.
-148.10,-170.46,-188
-143.05,-34.14,-120.
70.45,129.98,-14.07
-49.74,152.69,58.98
-21.92,181.79,106.86
-22.89,149.44,57.66
-118.22,148.65,-58.7
139.32,190.55,-36.53
13.62,151.09,-130.93
135.79,358.32,-64.29
-260.20,284.68,-58.7
-73.21,49.99,35.96
40.62,35.75,-52.75
-407.98,20.40,-21.14
-352.72,-183.71,31.1
-490.20,-155.99,55.5
-233.49,-61.98,-71.0
-107.21,-105.22,-131
45.89,-105.15,-26.58
95.47,-99.82,-39.87
-23.22,-45.15,-48.80
39.75,-79.36,-30.58
-25.04,-103.48,-114.
-226.87,-99.26,-126.
-124.28,-116.61,-69.
-91.04,-78.76,-44.30
-63.39,-33.82,-15.72
113.03,24.71,75.13
77.07,134.50,46.39
342.66,321.31,56.75
3.23,268.83,-124.46
82.20,190.44,-50.22
-91.72,180.20,-71.03
519.30,189.00,97.74
311.75,186.77,-40.22
-126.25,150.82,-270.
202.74,117.08,-195.7
-509.41,-27.45,-81.7
-489.17,-441.32,280.
-636.63,-251.11,127.
-532.88,-225.10,-422
636.61,-90.05,-212.4
20.24,-147.48,-164.3
-21.88,21.22,-2.86
73.17,55.06,3.07
136.70,138.10,2.35
97.88,193.80,-13.72
176.60,108.33,-15.12
97.82,79.93,-29.61
65.40,21.84,-42.08
23.59,44.53,-96.09
-19.43,76.30,-87.58
-141.87,90.58,-80.34
-52.90,30.81,-115.85
-68.43,-6.16,-152.22
-185.31,-25.72,-109.
-266.27,-84.67,-96.0
-82.43,-83.64,-157.1
-181.19,71.09,-236.5
-48.28,31.18,-233.47
-12.08,-77.71,-238.6
-166.37,56.13,-0.12
71.69,28.95,101.09
152.65,2.20,131.82
277.79,6.10,154.79
327.14,56.30,103.26
303.01,40.37,77.15
167.69,80.01,103.94
140.37,60.66,120.22
114.86,6.70,122.57
89.58,38.02,-10.32
58.65,20.54,-102.10
51.58,19.49,-122.19
52.94,-15.72,-52.01
-16.38,-12.75,2.53
-1.34,62.95,-21.95
69.40,133.41,-57.41
-8.12,54.28,-73.98
100.64,120.57,-6.66
2.35,63.03,50.59
101.90,11.23,81.39
134.83,80.71,53.00
92.96,43.64,73.52
44.86,-16.24,25.96
-18.36,-21.25,43.79
-173.75,159.51,145.9
-185.23,268.68,-23.7
-259.06,96.87,91.29
5.32,-92.36,217.73
19.68,-56.61,138.12
64.72,88.22,125.14
59.39,144.00,82.96
-35.92,126.79,28.25
-307.94,-137.36,-0.7
-448.17,-427.21,64.6
-232.75,-186.80,-85.
2.95,-158.22,-23.24
-13.13,-307.82,30.81
180.68,-58.63,-24.13
217.00,74.41,-66.79
101.73,88.59,-33.92
74.27,78.04,27.30
-228.59,22.11,73.26
-57.31,25.28,183.46
-13.31,163.20,19.33
-377.69,35.42,-32.00
-154.09,204.83,-40.8
47.93,124.46,129.53
254.69,125.74,7.95
28.95,39.50,-45.62
216.22,-58.67,-16.75
143.89,-101.09,-70.4
348.06,41.69,-103.01
362.44,269.98,-300.3
296.24,250.28,-500.3
154.79,118.14,-439.3
235.12,25.14,-408.87
150.80,16.81,-368.98
-21.55,-9.69,-180.37
-210.49,41.44,59.74
-253.95,-124.92,90.6
-117.04,-200.40,282.
-407.53,-351.09,180.
-460.10,-337.06,-142
-350.60,-592.74,-384
636.61,-121.68,-48.7
83.27,181.93,-43.81
-78.84,-60.75,-84.79
-33.40,33.36,100.33
17.62,86.09,177.71
-143.40,-24.29,-89.3
305.41,-10.65,-151.6
-6.78,105.67,-38.02
105.92,-25.33,5.17
157.35,-66.74,3.19
-46.49,36.43,-28.29
-27.49,101.61,-4.92
107.03,120.53,-60.56
-27.10,117.70,-45.54
58.03,162.71,4.53
-19.72,128.31,-78.28
-200.07,48.63,-71.67
-115.72,96.27,39.28
-2.55,28.81,-148.34
-149.72,-92.60,-263.
-34.87,-111.85,-348.
-158.61,-102.62,-476
-103.40,50.86,-158.6
76.64,-53.51,128.60
250.76,-16.42,125.95
229.24,20.03,68.02
210.00,0.35,20.85
264.87,49.46,43.50
219.19,66.52,79.79
165.80,60.23,85.37
197.28,8.59,61.30
169.49,39.60,68.83
169.09,102.70,79.56
85.54,49.10,41.29
59.88,69.11,92.96
89.20,23.55,57.08
-130.17,116.69,-85.9
-104.45,202.19,-157.
-1.42,144.84,-118.14
128.11,77.11,-171.14
97.61,83.19,-357.64
-12.14,44.74,-375.51
-98.31,45.27,-246.29
-69.59,-71.55,-216.7
-256.34,-215.79,-135
-139.83,-277.92,278.
-53.51,-274.56,278.3
-12.53,-67.18,20.03
-293.62,-127.00,-22.
-251.21,-189.10,-21.
-182.49,-185.72,212.
-416.29,-480.46,-28.
29.59,14.28,-235.12
-636.63,-379.92,-616
-197.31,-68.35,-30.6
115.93,76.84,-62.68
-144.97,-9.75,69.07
-66.52,2.74,143.11
-9.64,-18.92,-189.35
286.49,55.80,-105.85
83.04,39.09,-132.83
-148.63,34.74,-20.54
50.38,81.75,-19.86
59.90,131.18,-23.10
-16.57,123.88,2.45
-69.57,128.27,-54.11
-47.39,101.36,-84.65
11.23,49.33,-85.23
119.68,-45.11,-106.3
-230.73,-108.64,-202
-128.52,-66.23,-204.
-9.44,-69.77,-181.27
-136.83,-125.99,-193
-13.41,-82.43,-194.2
-72.86,75.50,26.38
107.65,34.74,112.59
329.12,20.11,102.64
288.71,50.13,33.42
360.03,182.08,2.25
399.23,232.73,-14.28
294.44,235.80,-70.70
260.03,274.64,-72.10
164.64,232.81,-10.69
104.58,154.63,28.54
141.85,-35.26,-22.87
-83.11,-506.23,-120.
-257.87,-382.06,26.0
-136.43,-112.80,-17.
-237.10,-127.00,-96.
-192.05,-66.39,-4.86
-162.71,-34.72,41.13
-41.75,-42.39,39.13
-318.43,10.51,-100.0
243.32,-42.55,-25.90
37.92,-134.60,-1.52
65.57,-36.74,47.31
84.03,-23.66,12.82
94.21,40.61,-6.53
16.44,38.16,-21.22
8.06,63.39,22.28
-49.39,5.46,127.29
-185.17,-99.38,393.2
-636.63,-179.01,187.
-210.41,-123.53,-90.
23.33,-57.78,-151.39
9.07,22.52,-10.24
8.74,-23.70,24.11
192.69,-123.78,-23.8
95.98,-56.54,-40.41
89.72,-1.30,-19.12
47.62,45.07,-44.51
6.80,37.15,-50.90
48.03,36.72,35.03
-11.81,-4.33,48.55
-30.95,-19.78,35.53
-27.88,0.85,22.63
-56.15,-48.30,33.69
15.58,-52.77,32.29
-19.78,-36.31,-24.97
-46.43,-57.22,-75.05
178.16,-94.67,52.61
39.63,-41.09,-14.07
-3.32,32.06,-20.13
-58.83,61.35,-50.86
5.46,73.01,21.90
29.20,-2.70,6.02
-30.25,11.95,11.91
-14.69,-2.45,-11.21
-11.95,13.21,13.09
67.01,27.94,30.41
-76.76,25.37,23.78
-15.87,16.77,3.07
-35.65,-1.09,12.51
-11.60,0.31,33.28
-19.95,16.59,21.68
-17.97,19.04,16.46
-31.36,19.72,11.89
-22.77,3.73,21.39
34.10,5.60,39.81
-23.51,-5.25,44.92
-33.30,-2.91,54.15
-31.92,-2.93,70.60
-3.05,-36.06,51.23
57.99,-44.12,15.25
-30.68,2.41,48.12
0.68,12.90,51.83
-40.06,42.90,56.59
-15.04,41.25,54.61
9.27,34.14,11.39
42.10,-32.02,-10.72
-11.23,-16.69,-1.98
7.85,-15.52,-8.84
-28.85,-14.98,-26.38
-8.45,-7.79,-46.51
38.43,-9.50,-54.81
30.60,11.58,-29.08
19.47,20.38,6.06
-9.68,8.16,34.12
-0.45,11.39,42.30
-19.39,26.03,101.67
-13.44,7.15,42.39
-47.42,72.23,77.19
-7.83,4.78,4.47
24.11,-25.84,10.04
-25.18,6.43,-25.32
11.21,-5.40,-34.87
4.00,-22.71,-20.13
7.31,-18.75,-22.07
27.37,-8.92,-31.34
11.44,-17.12,-18.57
0.62,-2.37,-25.16
8.18,-1.55,-10.26
14.18,3.75,-4.68
41.79,-7.19,0.89
25.35,10.51,-8.59
17.82,-2.51,-20.69
13.58,-3.03,-15.02
6.24,11.93,-20.19
-0.64,-8.96,-68.62
16.53,-30.09,-71.63
42.22,-14.26,-63.84
-8.18,-0.27,-66.41
-7.54,11.52,-17.76
-1.15,12.67,-8.61
-16.75,27.28,6.86
-10.43,16.69,24.58
-22.01,14.30,25.74
-21.16,18.48,21.22
-8.43,8.68,13.83
2.89,4.57,-6.63
29.71,-4.97,1.98
-10.41,3.15,21.33
38.76,8.49,17.91
39.69,12.03,59.94
-26.71,43.17,67.03
31.01,-3.09,9.58
-19.74,-0.33,10.45
-62.35,23.41,19.18
-3.32,-14.59,-7.54
-1.26,-2.70,-5.11
-2.72,-3.42,-10.08
0.76,-3.91,-14.09
11.11,-12.20,-6.96
-3.19,0.06,18.03
50.34,2.76,47.83
32.21,10.88,-37.59
33.05,-21.47,-72.20
-12.92,-7.81,-37.89
-37.96,5.69,-27.70
3.09,14.94,1.63
-6.64,25.24,9.42
-4.49,11.02,-2.12
2.95,-3.75,-12.61
-1.13,-16.03,-16.92
-1.40,-11.85,-18.11
4.10,-5.11,-5.25
34.06,-6.94,23.04
24.42,-3.03,44.37
-22.98,2.88,35.17
23.04,-17.17,-10.10
4.10,0.16,-27.92
-7.07,7.34,-11.56
-12.75,6.94,2.62
-3.98,13.99,-1.38
-2.56,9.81,-0.33
-2.76,16.32,-6.94
4.29,13.74,-3.09
7.62,9.48,7.34
8.00,3.71,12.57
-15.27,17.47,26.69
-21.37,7.67,-26.13
31.16,-6.45,-73.71
32.89,-4.70,-72.88
1.50,58.34,-71.96
-70.87,142.60,-43.58
-102.00,138.80,-27.2
-267.10,181.13,12.05
-75.77,127.55,-3.17
-19.16,83.25,10.08
79.81,67.30,-31.10
113.09,5.48,-103.26
-2.80,22.65,-74.41
-24.15,47.50,-84.03
-34.35,80.34,-57.51
1.28,29.55,-115.33
20.52,45.15,-53.31
-112.96,41.15,-12.63
-8.06,11.17,16.77
-87.14,-25.76,43.87
-176.08,6.86,-64.42
-277.38,-27.67,-87.1
-140.27,24.71,-142.6
77.91,-16.24,-75.52
-203.12,-124.07,0.62
30.97,148.53,-116.59
-19.72,170.37,-140.5
-14.42,55.27,-34.19
-43.89,-91.74,214.00
23.47,-99.76,274.83
67.67,-78.98,141.05
76.37,9.81,39.98
120.20,50.57,-49.10
377.86,26.58,-79.11
325.29,19.31,1.94
427.09,11.64,63.38
346.52,-15.89,108.70
141.17,27.78,156.38
46.67,-52.79,-30.72
-440.77,-38.39,-182.
-9.05,-59.59,-166.31
-182.16,-115.39,-27.
25.84,-23.66,123.16
167.08,67.24,224.07
-3.28,110.24,181.56
-0.60,107.32,46.73
16.73,110.90,-74.95
-84.51,42.22,-118.80
-8.67,-90.58,-62.23
-120.36,-81.56,47.44
-141.69,-129.96,170.
54.15,-61.88,64.66
286.41,210.20,-219.4
446.17,279.67,-232.7
-14.88,129.22,-339.9
83.74,113.21,-213.48
87.64,87.10,-99.32
25.72,39.44,201.57
-222.11,8.94,310.15
-82.14,99.80,143.54
72.58,25.82,41.93
184.01,262.73,15.25
324.14,257.72,0.84
153.19,312.23,-75.75
159.86,226.81,4.10
10.16,273.80,200.68
-6.24,252.65,242.99
135.24,20.67,116.51
-193.53,-86.79,-169.
-166.40,39.96,-239.8
-174.80,86.03,-165.5
-542.83,157.95,-233.
-553.11,73.38,127.00
-400.52,-307.14,136.
-268.19,-289.97,-39.
118.05,-168.81,-104.
-124.17,-147.34,-37.
-87.00,28.11,58.38
-205.67,46.18,188.94
24.67,22.61,37.40
-205.94,-3.85,-146.4
-153.23,-141.36,-251
269.96,-133.47,-104.
-174.19,-82.42,-7.64
-46.51,-55.20,46.34
201.74,31.16,45.38
-98.54,-24.36,-153.2
397.12,50.05,-66.89
212.90,77.83,-62.70
116.51,76.61,-34.52
43.05,50.79,-49.72
9.77,68.68,-75.83
30.35,70.53,-62.83
-22.09,71.32,-93.70
-27.51,31.49,-133.32
-53.99,52.42,-150.98
28.07,45.81,-154.18
-97.34,31.65,-197.88
-61.43,-43.07,-272.1
-112.59,-41.40,-188.
-61.04,-59.66,-120.9
-99.59,-81.42,42.65
114.24,15.25,136.37
181.66,42.47,100.08
236.40,-20.32,108.20
237.28,-21.58,108.08
203.84,-32.50,117.89
189.97,-18.24,126.73
205.82,57.68,145.97
202.29,-29.92,147.13
161.29,-1.73,-33.16
129.63,122.65,95.32
87.16,155.84,18.46
82.57,170.29,-56.25
-26.97,168.41,-137.8
47.06,186.51,-231.53
-98.56,155.85,-420.2
-7.87,267.55,-211.98
-555.03,9.52,41.50
-551.14,-320.80,176.
-418.82,-308.15,-31.
-311.24,-37.03,-435.
29.34,-327.48,-455.9
159.43,-273.51,-116.
115.15,-44.37,-20.54
206.93,53.54,46.10
220.78,167.96,22.89
283.25,160.54,-46.53
233.92,134.21,-90.50
54.63,81.25,-141.87
-47.50,49.60,-212.47
-46.26,54.90,-128.56
-50.47,25.37,-103.79
-109.69,-89.56,-110.
-71.90,-70.72,-70.74
-94.87,3.40,-126.69
-137.61,-32.17,-290.
-47.41,-74.90,-302.3
30.79,-66.66,-187.23
-165.74,-119.91,-83.
104.87,-0.82,47.48
126.23,90.67,95.59
162.97,68.91,135.11
294.20,6.99,181.52
271.78,-5.34,140.20
310.02,38.04,120.20
153.23,102.80,44.63
130.27,65.20,59.24
176.02,8.96,29.84
190.30,113.13,50.20
122.19,183.48,98.44
124.48,229.16,87.82
12.28,169.28,39.79
-97.12,204.95,-80.53
57.29,240.10,-206.04
-125.95,267.80,-397.
-284.65,336.81,-351.
-636.63,-218.49,47.6
-475.06,-592.93,17.1
-636.63,-208.12,-278
-626.18,-253.25,-636
332.24,-115.33,-164.
-12.94,35.86,2.76
33.18,195.35,-6.94
333.72,257.47,153.37
-33.38,77.11,74.47
46.24,25.14,55.04
24.64,81.29,-49.06
58.38,39.81,-8.78
-59.33,61.08,-75.93
14.40,46.98,-201.12
-58.50,3.17,-301.61
43.33,-165.22,-350.0
-103.15,-113.54,-261
198.34,95.06,143.71
159.51,5.34,161.57
123.55,-47.44,42.92
190.48,-57.10,23.72
140.33,34.19,50.57
156.98,91.10,44.32
207.57,97.63,111.77
145.89,43.21,133.30
112.94,2.53,26.00
91.74,70.66,21.27
50.24,52.15,-42.16
-42.35,69.15,-27.43
-37.90,-21.97,57.82
-158.07,232.97,120.4
-351.61,101.01,6.94
-363.58,-41.87,-18.3
-15.15,-24.71,95.22
-8.41,8.22,83.39
100.83,-20.30,-24.40
138.29,11.70,-59.18
340.56,167.67,-219.0
296.87,108.12,-550.4
33.69,-21.00,-636.61
127.78,-25.41,-582.4
80.26,-38.84,-489.63
-48.69,-43.87,-287.9
96.21,46.78,240.91
-502.86,32.33,451.19
-354.63,-108.84,346.
-624.25,-255.11,128.
-535.00,-403.53,-111
-121.00,-318.18,-383
327.72,-171.24,-234.
-7.03,-10.30,-85.33
-34.64,-31.20,19.02
51.99,24.50,57.70
41.17,8.70,-19.76
-1.67,-60.21,-98.15
44.96,-10.30,34.97
125.14,45.68,-6.02
66.89,93.53,0.10
198.58,129.76,5.28
64.74,258.18,1.40
231.47,181.50,13.33
72.49,80.72,-61.32
95.04,24.19,-41.30
6.86,-38.93,-80.41
70.58,45.52,-124.92
-27.28,48.88,-139.48
-17.19,24.17,-195.49
-115.83,-186.51,-196
-293.56,-161.59,-248
166.48,-64.46,-28.05
221.79,123.53,78.04
200.27,-26.15,58.83
240.17,-97.18,95.06
177.30,-36.84,65.51
119.25,61.94,49.66
55.95,19.86,-0.76
32.54,20.44,-21.47
35.85,-35.38,-36.10
82.05,-31.65,-127.68
58.89,-98.25,-242.76
144.78,-116.78,-294.
-8.20,-117.68,-289.4
-194.59,-156.15,-229
-393.60,-305.10,-224
-334.21,-83.91,-200.
-200.19,-12.12,-151.
87.16,19.89,-6.22
281.94,-1.65,155.21
-13.23,-86.67,223.50
34.23,-0.76,349.83
-63.57,-24.81,248.84
30.23,79.89,96.81
25.04,98.13,38.37
82.63,40.51,59.63
148.43,15.91,22.48
58.52,74.99,58.67
25.39,25.02,38.97
2.31,-30.76,1.24
4.35,22.67,-23.28
-31.94,-37.15,-11.72
2.02,13.68,-12.63
2.16,-4.88,-1.52
-5.54,-0.17,0.54
-11.21,8.45,-5.95
-23.02,11.19,-15.39
-8.90,3.87,-5.30
0.02,5.95,-6.63
-3.24,4.51,-6.61
-0.31,4.12,0.14
-10.71,5.83,-12.12
-7.83,-0.23,-4.59
-5.63,3.50,-4.00
5.65,8.30,-0.85
3.52,4.27,-3.77
0.82,5.93,-5.81
-0.97,3.15,-0.54
-3.34,10.14,-10.86
1.53,0.16,-0.85
-0.35,1.34,-6.55
3.77,-0.39,-0.74
5.96,6.22,-2.14
1.94,7.36,0.16
5.11,7.19,0.97
5.61,-2.91,-1.05
-7.07,11.97,-1.88
-13.72,10.22,-13.89
-11.89,1.44,-6.55
14.49,-9.01,22.48
10.24,4.76,10.98
9.87,23.68,11.00
-6.41,4.45,6.02
-4.88,-12.45,-15.48
13.39,0.52,-1.81
17.80,11.48,18.75
10.98,16.65,7.03
-2.35,-2.97,-12.75
5.98,-9.97,-15.23
21.68,-10.37,4.27
4.20,-11.60,-3.52
25.51,36.74,33.48
39.09,17.74,25.20
25.59,-0.82,21.16
0.66,-19.25,7.81
-27.12,-11.37,-35.83
-88.30,-35.83,-93.55
-220.78,-30.56,-136.
-100.87,-21.64,-148.
96.48,62.54,-53.06
349.07,120.46,-13.64
269.98,177.17,-56.46
232.58,236.11,-25.68
97.34,102.50,41.89
148.76,146.28,59.30
133.22,169.42,155.60
121.31,58.03,194.36
53.00,26.00,99.34
27.41,74.08,157.49
71.81,120.61,119.80
-16.18,53.93,-14.34
66.21,5.58,-30.19
55.91,54.79,-84.65
-28.56,73.25,-266.75
-11.40,75.19,-282.62
-32.89,-48.55,-279.3
-329.78,-132.83,-489
-186.51,-134.68,-479
-6.29,-50.07,-293.35
-82.84,-19.06,-215.3
-16.30,-27.69,-152.7
-43.91,-40.76,-49.85
184.92,-93.18,-43.29
-33.69,-159.74,-89.7
268.50,-234.23,35.77
250.02,-81.52,346.60
186.86,-200.00,294.4
382.29,-108.84,301.9
143.63,51.80,540.75
203.05,97.14,513.24
247.25,222.14,127.82
-90.36,374.87,-237.5
-131.30,376.97,-109.
-365.20,85.56,231.47
-533.23,-133.96,387.
-323.21,-239.90,67.0
-636.63,-313.63,-285
-9.44,-333.99,-189.8
-75.85,-254.24,-53.3
141.03,66.60,76.22
-45.68,-36.80,6.82
38.90,-96.99,28.13
-77.21,-20.46,-164.1
48.26,-212.29,-127.8
175.75,2.20,-100.56
86.32,91.27,-125.10
143.67,104.80,-17.17
159.64,89.53,-65.75
57.35,93.78,-74.04
30.50,104.41,-69.44
-90.94,130.44,-75.89
-2.76,44.02,-140.39
-1.50,25.86,-77.03
-21.80,61.18,-52.50
3.46,50.57,-17.41
-21.58,17.82,-162.38
-111.11,10.51,-213.5
-29.08,-52.03,-224.5
329.72,76.24,-140.72
0.85,-185.77,67.67
126.40,59.53,126.11
217.62,-27.39,74.02
214.22,-17.21,68.87
143.50,68.60,24.27
151.85,86.34,23.97
165.30,75.44,9.89
164.52,99.75,45.81
146.98,115.31,46.49
71.46,34.64,-21.53
121.00,55.35,17.52
91.84,66.04,44.82
-10.72,47.93,-1.34
-17.02,39.98,22.89
-101.92,124.36,137.9
37.28,243.81,163.16
-444.35,132.77,152.5
-173.03,-167.53,194.
54.50,-138.68,129.88
-132.77,-73.54,21.57
-29.05,-47.48,73.52
-148.02,103.32,144.2
-109.93,-50.46,103.6
-114.72,-64.85,144.9
-146.39,-33.86,165.6
-160.30,-59.12,78.10
-120.26,195.53,-59.5
397.41,114.39,84.38
88.50,81.04,-138.70
108.18,41.52,-66.54
38.06,3.50,-38.18
411.53,-120.53,-132.
236.23,60.42,-218.67
273.86,164.36,-249.2
190.32,145.97,-231.3
38.39,128.58,-134.58
36.18,149.29,-105.42
-103.61,147.58,-173.
-399.66,-70.33,-73.1
-512.62,-310.87,249.
-194.67,-442.70,327.
73.50,-239.79,147.01
25.53,-77.71,6.06
-55.45,-12.86,-157.7
44.37,60.66,-170.43
203.30,-17.37,-248.2
131.55,35.65,-209.65
131.26,56.40,-237.16
61.30,185.62,-302.93
301.53,120.22,-528.1
80.24,108.93,-576.32
56.77,7.62,-510.00
54.90,-65.03,-408.48
35.71,-93.28,-447.80
246.41,-194.61,-336.
500.48,-241.40,-160.
630.24,-194.54,350.7
222.46,9.77,617.88
172.56,25.82,636.63
108.24,290.32,636.63
-279.03,349.23,596.8
-636.63,-181.87,-197
-196.42,-187.33,-168
87.41,-65.01,-89.39
29.94,-75.65,53.68
444.42,97.14,13.39
145.34,148.76,-46.10
365.86,166.97,-50.61
176.99,82.14,-35.30
71.34,22.83,-102.31
40.18,32.23,-102.10
-107.23,22.01,-96.66
73.50,17.25,-73.83
-94.03,21.92,-58.93
15.33,42.22,-73.77
-89.95,57.62,-117.56
-76.66,27.30,-194.59
-83.25,-65.03,-228.3
84.24,-168.58,-238.1
57.78,-48.05,-44.59
51.62,44.98,-5.75
46.43,14.38,-16.61
161.43,-6.45,23.47
170.93,-7.64,50.59
173.15,19.18,45.97
111.19,57.24,-12.10
188.77,53.58,-13.21
131.67,73.26,-0.78
107.11,36.97,84.82
89.04,29.51,105.61
60.46,47.29,77.87
73.42,73.09,34.16
22.63,57.68,17.08
-25.26,172.50,4.82
-16.20,384.55,-84.71
-486.68,205.34,-110.
-446.60,-45.85,-305.
161.61,-45.99,-224.8
29.16,-32.19,-116.34
97.04,-68.80,-31.36
-21.06,-43.01,-66.74
43.38,-56.38,-74.39
-39.40,-145.11,-142.
202.09,-74.24,-138.1
-68.02,-0.51,-128.60
-155.72,127.18,-62.4
-335.18,-19.64,44.24
-306.66,-191.97,231.
-267.96,-79.27,3.50
-78.59,-169.57,-93.7
51.80,-58.30,-134.29
59.04,-54.55,-90.11
132.62,-43.33,32.23
222.96,-25.37,-11.83
-95.84,-82.73,-5.61
-4.27,-16.61,-20.87
-35.98,24.25,-119.66
82.67,60.64,-76.39
-12.90,110.22,33.53
77.23,51.62,37.19
-18.26,35.48,69.85
58.50,115.93,41.79
18.92,114.49,23.99
-144.68,106.62,91.33
-93.20,148.45,44.36
3.94,125.86,-13.11
22.61,150.65,-48.12
-2.21,123.86,-126.07
-69.67,87.91,-192.57
-35.22,-11.33,-262.9
-80.82,-106.02,-252.
-154.16,-67.26,-352.
-105.30,43.17,-114.1
253.79,146.72,184.61
197.53,56.05,151.50
206.35,16.77,118.14
170.37,23.72,107.54
143.25,-39.40,83.52
204.83,-67.51,31.18
165.90,11.77,94.99
188.38,32.27,82.28
175.69,59.08,68.62
185.44,128.32,50.44
41.56,107.67,62.05
-114.45,6.53,72.16
-23.64,121.16,-39.65
-184.22,163.66,-99.1
-261.84,64.35,-123.1
40.94,-42.12,-104.60
-160.19,-166.04,-250
-310.37,-109.60,45.1
-187.97,-19.60,137.3
-454.68,45.50,125.86
43.73,1.69,187.35
394.88,139.22,-3.28
145.87,67.90,120.69
106.37,-45.95,78.84
115.46,-45.50,3.59
-42.08,-86.09,-74.24
-91.84,-8.67,-105.40
-5.50,25.37,-41.95
-107.54,12.07,17.49
150.01,102.06,145.91
162.62,138.35,140.21
58.97,-2.68,28.64
-208.43,-123.14,-137
-27.72,-19.72,110.16
-268.93,-77.56,29.71
277.63,-20.09,188.53
39.44,-0.43,-122.77
-21.88,30.06,-70.21
116.94,-30.85,51.00
126.38,0.43,-3.15
67.16,-20.13,1.55
8.65,-150.80,-25.94
171.92,102.19,12.76
3.24,167.78,-66.15
196.19,191.41,-86.92
552.76,290.24,-224.9
321.23,240.85,-423.6
80.32,91.92,-519.09
81.25,82.86,-426.57
8.08,48.53,-253.23
-235.28,133.59,89.97
-548.15,-460.26,198.
-510.69,-411.16,196.
-417.79,-386.29,139.
-464.57,-575.64,-460
110.57,-271.59,-137.
-23.22,-8.70,-137.34
75.48,86.46,-91.82
311.20,115.81,-65.01
216.18,108.97,-85.97
235.74,125.55,-47.97
124.48,81.60,-27.76
0.37,77.17,-38.84
-123.72,121.66,-45.7
16.01,70.21,-80.14
47.41,56.11,-81.37
-93.96,68.17,-139.88
-19.95,52.73,-164.42
-73.13,-59.63,-206.5
-166.37,-166.07,-304
-41.81,-34.17,-253.8
52.94,117.87,-50.18
301.14,82.96,184.49
309.05,34.41,186.24
279.24,-52.38,92.07
248.10,30.37,11.15
49.62,125.57,14.55
61.24,76.26,56.71
69.32,-10.76,153.93
-10.74,-57.76,-39.23
3.19,10.94,3.91
-75.44,7.46,13.60
-138.66,-8.12,-23.45
-326.42,82.18,-97.01
-186.49,-19.31,-131.
-112.72,-82.51,-113.
-29.78,-54.98,-90.21
29.88,-56.93,28.38
110.04,38.78,194.21
32.91,89.06,-1.11
100.68,7.83,-6.57
-0.17,-36.39,-71.65
48.84,19.70,24.34
8.74,73.85,5.03
-56.03,-16.11,-43.36
-0.89,-67.96,-39.09
-116.07,-124.19,-17.
-6.29,-117.97,76.41
125.82,75.81,88.83
-8.30,80.55,-59.41
-60.64,-11.29,-18.94
-28.40,-51.50,1.79
22.73,-37.30,77.79
71.96,39.05,89.74
132.39,28.13,-4.27
118.09,-3.92,-23.51
133.43,-33.14,40.16
196.19,-9.69,54.73
196.15,107.81,64.79
185.83,62.48,104.66
230.67,22.93,102.08
230.69,70.25,90.03
75.93,17.29,71.28
-129.84,64.33,93.39
-97.84,121.84,115.13
-142.78,146.32,76.51
-307.22,91.99,171.13
-121.87,-115.52,137.
-176.31,-90.42,14.59
-143.40,-107.75,21.8
-245.56,-110.31,65.8
-75.36,-71.81,-9.81
71.07,-109.75,-26.71
14.07,-57.64,-50.47
29.12,22.38,-42.57
-404.73,9.13,-41.13
-151.52,124.05,41.56
393.15,28.05,30.08
236.91,-13.58,-133.9
112.78,85.25,-31.61
-139.71,48.55,-88.73
-68.19,32.10,-85.80
280.88,201.38,-3.67
151.11,133.24,-84.53
130.64,-28.48,-194.7
163.65,131.20,-231.5
-47.00,71.98,-161.41
-206.35,152.12,-60.2
-339.20,71.32,-49.76
-167.98,-36.45,-64.9
21.92,-111.77,40.80
-157.88,-174.47,59.3
185.97,-44.49,58.01
-78.28,-52.69,152.45
-8.08,161.08,343.79
-319.17,-87.62,-175.
20.79,-181.25,-166.5
137.18,-196.60,-206.
-99.01,-175.65,-212.
-5.73,118.71,256.34
-294.03,-3.01,-129.7
377.71,80.67,-92.98
22.98,26.93,-83.04
-139.94,4.92,-91.68
17.93,-49.79,11.95
145.01,65.34,41.97
116.94,106.66,-4.57
176.23,134.91,-43.50
23.35,49.62,-103.71
-14.36,48.94,-32.21
-57.64,19.93,-25.37
-22.89,143.09,-82.59
-75.17,114.51,-148.6
-67.26,37.36,-169.30
-277.94,-54.21,-160.
-89.78,-93.06,-173.5
8.80,-80.16,-168.35
119.23,-94.87,88.94
46.18,76.08,124.03
145.30,47.68,-10.72
246.14,154.05,151.50
36.16,82.78,188.09
124.05,-49.08,205.30
178.43,-44.57,149.87
-15.35,35.28,20.90
8.41,85.78,-220.45
41.27,194.85,-315.98
-57.29,202.97,-543.9
-439.24,-158.01,-170
-16.05,-217.42,183.9
-113.68,-55.76,150.9
-309.36,-33.73,185.0
-318.96,68.60,294.30
-579.39,-349.91,-238
-253.50,-454.72,-214
-85.29,-194.52,29.10
110.20,-1.59,61.06
82.08,-6.26,-155.84
96.21,6.99,-4.51
127.94,43.40,27.02
146.86,22.25,6.66
143.11,26.40,-55.58
73.19,33.48,-76.84
-187.06,64.00,-13.41
-88.55,62.19,-96.95
8.02,81.72,-75.30
-30.04,-77.67,-89.72
-153.50,-32.23,-224.
-9.25,-29.18,-179.91
57.94,-9.60,-21.60
154.07,78.28,74.82
253.83,7.03,47.29
212.29,49.91,53.27
179.65,50.75,145.01
160.58,42.94,168.74
170.13,23.92,82.82
192.52,75.91,-34.95
167.51,81.64,-56.17
-36.91,109.54,-115.5
-249.67,113.75,-364.
-28.00,-80.12,-135.5
2.53,-138.17,89.91
138.08,-113.83,71.57
-208.06,33.92,23.51
-177.67,-31.57,163.7
-604.67,-502.77,-485
631.68,-239.11,47.91
205.90,1.94,-83.74
174.74,-5.32,-152.82
126.77,89.33,-11.50
-45.29,103.59,-37.11
85.93,149.97,75.98
6.08,113.31,78.39
-25.68,76.06,-59.76
30.37,113.01,-145.65
-95.24,38.49,-221.83
-136.33,-44.57,-344.
-60.62,-150.20,-188.
122.98,96.83,43.00
196.36,34.85,55.90
266.81,2.35,104.82
250.98,49.45,97.96
143.98,41.87,58.87
71.05,34.56,96.66
149.83,37.75,48.80
-7.60,-32.19,-8.61
38.45,-37.79,-55.18
62.95,-13.06,-116.69
89.37,42.59,-25.74
92.23,42.55,43.54
106.37,46.38,70.39
96.58,103.03,75.42
62.54,48.90,93.64
-48.16,86.09,55.45
-366.96,0.85,-68.10
-281.79,44.78,-84.49
-176.25,3.28,-19.04
11.19,-20.98,-81.97
33.94,-32.70,-128.07
-132.19,95.63,-110.6
-58.73,260.73,-135.2
14.40,253.42,-199.04
-316.41,235.22,-164.
-447.73,197.55,-4.93
-247.34,-53.39,209.1
-305.69,-252.88,241.
-636.63,-636.63,-100
636.61,-183.42,-77.9
144.33,-76.24,-150.6
-106.20,-23.51,-55.4
-245.77,-58.38,162.4
-131.63,70.86,137.71
-204.95,-72.51,-114.
190.46,11.11,-69.88
39.60,3.38,49.04
55.80,-73.13,40.41
149.17,9.69,14.11
131.53,119.48,20.63
38.33,123.14,3.48
-44.67,75.93,17.54
-110.00,76.96,-13.70
6.22,51.00,-80.30
-117.35,30.02,-114.7
-186.01,-123.76,-318
114.34,-54.40,194.38
162.83,107.28,72.04
202.40,24.03,-76.22
132.56,-23.00,-65.75
22.05,-49.27,-135.67
-73.91,-116.20,-288.
-29.88,-120.28,-235.
-41.52,-115.42,-197.
-37.85,-91.20,-196.8
55.57,-46.86,-140.35
-115.97,-12.49,-76.0
-159.20,-28.87,21.29
129.02,54.92,271.82
270.17,-226.42,44.30
108.02,71.36,-41.64
173.48,80.53,-74.84
5.95,83.83,-52.96
-81.54,16.01,-9.42
-100.31,26.95,16.01
-129.51,-23.78,-61.8
-50.05,-88.98,-225.4
121.10,-36.68,-117.8
102.47,-55.02,9.11
-155.02,15.25,-41.34
41.64,57.82,-69.36
7.07,-4.16,-68.33
6.96,10.90,-43.68
20.67,8.68,-2.72
-174.76,-123.72,209.
-327.41,-216.63,278.
-427.72,-297.82,58.8
-389.48,-163.66,-35.
-510.91,59.10,-13.33
92.28,165.34,-17.14
127.84,-53.84,-25.45
-86.88,-40.02,87.99
-121.17,-19.41,11.95
-79.64,-22.19,13.37
-36.25,-63.28,-185.4
14.98,44.02,-33.11
84.77,12.65,-19.91
97.78,-4.37,37.48
237.01,43.85,108.55
270.70,99.92,110.28
-83.66,16.79,-105.57
-72.53,-33.42,-271.1
33.24,-67.88,-184.36
-130.97,-99.98,55.84
128.54,-55.62,98.21
93.68,-44.37,27.69
-247.38,-122.36,-131
-82.92,37.22,-1.19
0.33,59.57,-4.25
-76.63,63.14,25.39
-41.95,39.30,27.82
-122.65,9.46,19.74
162.23,25.20,150.78
23.33,-12.40,44.14
9.44,3.44,-61.26
13.68,6.12,31.96
31.84,-13.83,25.43
50.84,-2.16,-24.29
-6.26,59.39,-141.96
-38.78,53.12,-72.27
30.42,8.35,5.36
18.32,-25.16,101.61
3.28,0.43,110.68
-26.38,21.82,89.06
-64.23,-28.38,48.53
75.23,-28.99,13.11
109.79,-22.63,10.55
47.97,8.92,11.00
61.22,18.40,-45.66
64.97,7.77,5.77
95.61,-1.40,7.32
127.55,1.83,39.93
81.09,-15.04,16.36
14.07,18.36,-39.46
48.82,11.73,-47.27
10.49,17.95,-70.27
18.92,-14.22,-51.82
-194.19,12.80,-42.02
-154.28,36.14,-45.02
80.90,49.39,-26.19
30.41,44.37,-27.43
-60.07,27.90,-24.09
108.93,-59.04,47.50
-23.94,-7.38,14.42
-78.90,46.88,-32.81
-80.32,108.45,-78.16
-42.66,26.69,-125.97
-73.15,-84.32,-90.63
-63.57,-144.53,28.27
161.12,-39.03,145.65
266.05,59.37,167.98
318.99,91.10,172.12
636.61,120.42,281.91
186.32,-39.40,208.54
173.22,-48.53,92.40
-31.77,-70.66,-64.56
58.05,-57.14,-29.51
-14.18,-70.00,-66.78
-94.40,-14.49,-66.85
45.89,2.68,-21.72
54.52,1.57,16.26
-56.52,23.22,41.67
-281.44,-41.05,-139.
-407.76,-127.00,-328
-226.88,6.76,-138.37
57.47,-42.18,29.98
-7.83,-5.40,-0.47
10.65,-44.59,9.73
56.32,-31.55,48.12
31.71,-0.33,-18.03
23.94,57.84,16.16
5.98,6.18,-10.03
4.80,-24.46,-9.71
-23.04,-44.67,-11.68
40.80,-5.83,-44.88
-63.90,27.32,-81.21
-10.39,-10.49,14.98
19.93,2.47,5.19
-11.35,-37.40,-72.00
198.69,11.48,-42.43
-61.90,-0.99,10.49
32.35,46.10,216.57
-196.29,37.79,174.74
23.53,126.54,71.55
-4.31,102.02,21.20
-173.30,2.51,24.65
-111.54,57.02,-9.64
-177.67,-17.80,10.36
-81.31,11.75,18.59
-0.89,-1.83,-87.80
68.41,-4.86,-74.00
-48.12,-37.59,-77.97
-83.27,-40.76,-12.57
-94.77,41.23,-61.65
-37.40,-75.52,4.06
187.02,55.04,5.44
0.51,-27.02,-30.33
1.09,28.07,-46.90
-67.49,-12.75,31.36
96.68,64.15,-27.65
-20.32,84.61,-139.46
230.19,138.62,-67.75
149.62,155.56,80.16
360.79,185.44,231.16
96.56,96.85,273.10
204.91,-2.88,220.32
301.96,-49.66,176.72
72.12,-42.96,122.63
122.53,-55.66,-8.72
19.02,-63.76,-81.97
-19.88,-23.37,-72.82
27.92,37.24,46.34
-15.87,20.38,108.02
333.24,89.20,163.65
342.41,15.25,126.71
43.05,-57.49,60.40
80.71,-46.26,39.21
-28.29,-85.80,-147.0
-14.38,27.37,-5.71
102.95,46.38,-7.13
153.33,14.12,56.67
71.71,9.27,77.27
164.21,-74.22,8.88
-16.98,17.80,16.11
-16.96,42.22,-29.65
-168.33,42.88,-90.11
-56.98,1.81,-33.73
-77.73,-48.63,-68.52
-169.47,25.70,55.27
-390.53,38.58,-83.56
-57.57,76.12,-3.15
-85.19,54.46,-45.11
-240.81,9.15,-35.17
-51.76,49.95,-17.39
-104.19,19.18,-74.64
-181.87,-17.74,-62.4
-83.81,-31.82,-55.51
-83.19,-46.69,-23.59
-89.72,9.09,-26.27
-45.11,21.53,19.99
-63.16,-7.52,3.50
-229.12,39.11,-58.77
-206.25,61.92,-95.82
-126.01,92.38,-102.6
-45.09,-16.38,-73.25
-425.09,-68.15,-64.8
-481.18,22.05,-37.05
-301.92,115.54,-23.2
4.92,75.65,-123.37
147.83,-59.96,-67.32
-159.90,-1.17,-133.5
-323.19,-3.38,-32.60
-100.66,98.21,-0.72
200.44,-48.09,133.61
-225.51,-79.17,-38.8
306.21,133.26,172.00
148.39,-31.24,84.59
-251.15,-72.04,-123.
-160.71,-62.95,-92.8
-198.09,64.52,-113.7
11.58,68.80,-28.87
159.35,49.08,27.76
104.74,-88.11,37.92
-304.89,-34.27,-1.52
263.99,36.31,153.17
287.35,-79.27,64.42
-180.61,-36.62,-57.0
104.43,-28.99,-72.02
15.25,15.31,14.63
33.75,60.67,3.96
138.66,83.39,70.58
156.88,20.63,47.15
109.28,-48.51,14.14
219.54,-303.74,120.2
511.10,12.84,181.81
339.39,-121.54,29.71
-9.25,-104.74,-53.31
437.86,-8.67,-38.35
368.56,-11.77,4.95
274.93,4.49,-10.84
178.53,68.72,-64.62
153.45,111.40,47.21
66.72,55.49,67.77
-183.97,18.67,25.12
-125.04,9.56,55.27
-48.12,12.01,6.51
84.96,20.94,-7.03
24.15,84.36,39.36
330.50,94.42,-99.26
271.80,-1.50,-72.10
20.90,59.76,-94.13
14.11,1.73,-77.95
22.44,36.43,-38.08
79.64,30.99,-18.48
265.37,2.12,9.25
-3.09,-12.22,-34.68
91.66,-1.67,-34.58
27.36,15.83,-27.10
-75.48,11.21,14.82
128.85,71.63,40.04
-1.40,56.73,95.74
-40.72,-7.25,121.82
119.76,-8.02,54.42
281.03,-25.82,15.60
114.28,-34.10,9.69
-59.98,-8.49,-24.62
144.45,-33.96,83.52
99.84,-11.35,-40.68
13.02,19.70,32.76
-186.42,1.03,46.20
271.05,71.34,-53.84
180.59,2.53,8.53
-4.14,6.02,-26.56
-214.84,-11.21,-52.8
-177.75,-48.32,6.63
117.76,43.91,17.02
166.15,37.52,73.79
18.30,49.02,43.44
-242.14,-14.34,90.36
0.00,0.00,-0.00
113.40,20.83,24.91
189.27,1.98,-36.45
-217.27,-56.73,-95.4
32.00,-34.08,-20.59
204.17,4.70,29.53
-44.88,34.95,-0.33
53.76,92.69,73.83
-123.74,-3.87,120.48
-10.69,-15.27,2.53
276.08,-47.06,95.57
194.34,-14.75,56.44
96.11,-45.11,-44.94
-375.94,-132.11,-0.3
47.85,-9.46,0.29
-86.77,30.68,-33.20
-1.79,52.88,37.03
-27.61,9.29,-6.84
72.72,3.46,25.90
88.50,-3.94,30.66
-14.75,-28.02,-56.40
-176.88,34.41,-61.34
152.61,73.42,-102.64
-61.59,26.15,59.30
-36.14,25.66,65.16
-327.37,9.03,42.37
-36.97,61.78,-13.56
-60.75,67.09,-37.96
-85.47,-15.25,-87.25
-293.45,-41.69,-87.0
186.51,53.84,-53.66
-64.77,15.25,-3.75
-91.20,47.70,45.99
83.15,58.36,65.36
-331.86,36.47,-38.08
-135.61,100.41,-105.
-147.11,99.53,-143.1
-171.94,49.17,-126.3
-104.86,4.95,-31.86
104.84,-50.65,-3.50
-225.52,-63.39,-118.
22.23,-8.78,-97.84
-227.95,3.48,-50.73
-84.28,20.63,-5.19
79.40,16.75,58.85
73.93,-4.97,113.85
2.86,15.60,34.31
-47.39,35.48,-35.63
27.10,3.73,-36.31
30.76,20.28,-20.36
15.12,-27.51,-37.52
-16.94,-42.04,-12.26
12.38,-8.12,1.40
38.43,25.74,18.94
-11.35,57.53,64.56
-168.35,18.53,6.16
30.31,5.52,6.97
210.68,54.71,109.28
-78.86,86.15,73.67
51.29,74.41,38.25
99.36,29.43,51.83
84.90,13.25,81.00
-89.41,-36.66,94.48
-47.54,11.07,19.54
-116.86,-19.14,25.08
-33.69,-3.24,5.03
-33.57,-5.19,47.70
111.05,31.26,-22.21
80.47,15.85,-23.99
82.65,-49.91,22.34
-11.00,-55.51,-14.75
-36.70,12.03,28.42
-8.43,-49.93,-27.94
1.50,-5.42,-68.80
-391.23,-72.45,-22.1
147.81,-143.34,-137.
75.73,35.13,-49.68
32.87,43.56,-28.02
29.78,-35.15,-43.19
-73.44,-33.73,-154.6
-20.24,5.67,-207.77
-92.23,-15.25,-73.56
75.17,4.20,36.33
-105.09,-32.19,-225.
49.56,-56.11,186.77
25.39,3.13,-32.58
-72.18,23.99,-62.23
42.06,11.39,3.36
-5.87,18.15,-109.32
25.12,14.86,-22.13
-131.20,12.84,-212.5
13.33,-5.28,-52.86
92.38,6.45,111.27
-370.46,-33.26,-335.
189.29,-32.15,254.08
-205.53,61.63,-460.3
72.23,-113.64,291.48
-18.48,44.20,-94.23
41.30,62.73,-66.33
492.51,42.61,183.68
-520.20,-188.77,-531
453.05,65.69,343.05
-371.67,-39.69,-456.
306.79,-23.02,391.35
-204.83,32.93,-611.6
145.60,-47.56,446.64
-333.08,3.67,-417.67
-242.47,-263.16,329.
-218.38,-155.74,-286
-427.66,-86.32,221.8
383.75,140.23,153.29
-73.44,-56.73,-554.1
439.86,-12.36,632.96
-61.59,78.28,-395.72
23.02,-134.68,284.16
-2.55,35.01,-40.84
-346.21,-113.91,-396
69.42,96.73,323.68
-217.79,6.76,-454.88
242.72,-170.39,575.1
-452.08,-83.93,-73.5
-361.43,95.22,-416.6
422.06,126.58,49.27
12.03,65.47,45.95
-118.65,37.85,-71.57
12.41,15.99,-36.51
-91.06,-16.82,-86.53
-22.93,-22.34,-7.69
23.29,-6.08,32.17
-23.72,17.58,-48.18
21.64,6.10,15.52
74.22,10.45,66.60
-26.97,31.32,-54.89
-15.29,-2.51,-7.11
3.24,-17.45,-3.19
16.30,17.39,-52.03
46.39,8.78,-24.98
30.68,8.30,-69.90
-0.97,19.84,-44.47
28.56,-0.41,-24.65
-9.46,3.30,-23.90
-19.02,0.45,0.33
0.93,3.73,1.40
10.14,4.31,8.63
12.78,31.03,11.37
13.21,14.63,-22.09
70.53,47.60,-52.86
48.51,-28.37,102.93
-62.37,-84.79,176.60
-251.01,-44.72,55.12
401.12,109.27,-176.5
-285.00,-110.00,160.
-37.42,51.49,4.45
74.26,-104.99,-245.3
-192.55,-44.65,89.72
113.00,-47.42,-214.9
-61.51,-84.59,145.23
522.18,243.36,-197.5
-305.28,-168.91,197.
-265.02,6.41,33.61
-52.88,-186.96,74.20
-562.14,-82.10,42.61
632.88,353.75,-209.3
-294.44,-160.87,122.
452.70,346.82,-297.0
-564.88,-221.11,177.
343.69,18.48,230.25
-131.22,-218.14,-33.
-239.59,-8.41,190.44
636.61,244.72,-238.8
-426.18,-139.57,185.
92.95,-155.21,253.87
-166.97,51.99,-5.25
-429.31,156.28,137.2
-153.02,-80.78,-73.8
51.70,13.02,-5.69
636.61,269.32,-217.4
-201.32,-62.37,97.04
343.84,74.22,-240.21
-194.38,-92.32,189.0
-636.63,-45.87,-166.
80.84,-44.49,-43.03
-183.21,-94.19,208.8
608.32,115.48,-5.23
-33.36,-90.56,-38.25
10.43,29.05,197.78
-30.21,30.89,-40.99
-164.15,-0.60,-145.1
59.53,-108.35,-197.8
-202.04,-43.69,210.2
371.12,81.09,-94.34
-77.21,11.60,121.72
-488.86,-91.18,-11.1
-164.81,-36.33,-42.6
-52.13,-19.20,12.57
-11.52,-55.27,30.02
38.08,55.53,113.33
-32.97,6.29,122.83
35.34,6.92,-13.60
-27.55,20.42,-126.63
81.06,42.72,-97.49
31.82,45.48,-73.50
106.95,93.41,-188.98
-66.81,30.27,-329.89
41.95,-18.63,-269.16
21.43,21.18,-41.97
-22.61,-17.45,-26.36
1.01,-15.12,-36.66
-10.08,-0.82,-31.57
-17.39,-14.67,0.87
86.48,55.78,343.32
10.12,45.64,503.70
-1.19,55.22,311.94
-10.18,-118.03,90.30
-96.93,-17.00,-112.4
-51.39,-3.36,-80.14
-0.47,-63.24,-34.84
-113.73,-100.54,-46.
-215.79,11.73,33.44
85.93,45.75,112.41
179.40,86.46,100.66
52.15,69.92,49.33
-68.56,60.09,-85.60
-233.10,-114.32,-307
205.12,9.36,-340.70
235.59,44.90,-101.92
-16.44,-61.76,-10.86
11.07,-17.41,25.41
13.89,-0.58,-62.68
-24.25,-22.56,-90.30
102.15,29.90,-60.11
-26.81,2.62,40.49
-24.54,35.61,13.21
-166.58,-44.61,-19.6
-248.39,-118.73,9.87
-1.11,-1.98,98.04
-45.13,-55.23,71.48
12.92,-4.22,-27.26
-143.36,53.99,-112.5
-190.40,-56.91,-110.
98.75,39.75,-80.08
37.44,25.06,6.97
-12.75,-22.65,43.27
-167.61,-21.72,11.15
-55.23,-25.90,10.92
17.62,6.43,96.25
0.23,16.30,-8.68
-84.26,-21.10,-105.3
-70.72,7.42,-55.82
3.92,-53.29,117.89
10.55,81.52,220.86
188.24,174.82,346.70
117.48,128.29,298.34
102.70,117.06,200.42
-163.45,13.70,-6.28
-203.94,121.93,-65.3
-4.93,-122.26,29.73
-115.77,-61.92,-24.2
-167.14,-130.85,-83.
81.54,-110.29,-16.90
-124.77,-89.70,-122.
72.93,-113.23,-149.5
183.52,-57.00,-32.93
97.24,-2.74,-19.70
78.82,59.76,-29.30
216.63,-19.45,-124.2
471.22,-23.28,-44.72
482.85,46.18,-19.84
43.11,57.95,-5.19
174.64,62.03,28.95
43.54,58.54,-49.91
117.44,94.67,-97.26
199.18,27.26,-176.43
58.98,6.59,-98.72
39.26,-69.01,-116.16
-124.54,-71.90,24.19
-288.03,-84.16,81.89
-215.93,-86.32,27.01
-2.37,-79.99,81.62
-87.49,-52.17,108.72
-90.09,-74.94,93.84
-26.66,-98.77,86.92
-128.29,-77.17,-118.
5.75,-180.98,-197.24
49.11,71.96,83.52
183.33,255.00,98.62
453.91,194.03,28.87
443.72,94.01,-38.88
-636.63,89.62,29.55
-178.14,-103.28,241.
284.53,-140.31,268.9
396.07,-115.72,82.75
84.75,-30.48,-14.73
-68.62,-18.13,-84.63
-41.98,-53.76,-141.0
-136.91,122.40,-177.
-151.60,173.96,-86.7
241.09,-0.19,96.79
178.04,-102.37,89.25
-96.36,-93.70,64.74
122.15,-58.42,164.44
-53.99,-45.44,-29.88
17.02,-19.10,-120.75
-81.60,33.48,-58.63
-49.89,60.13,-56.05
111.23,70.76,30.72
114.12,56.83,93.20
281.98,12.28,142.02
-109.44,91.08,75.93
-99.53,88.96,20.34
-404.71,23.68,-176.0
-529.95,90.24,-210.6
-197.16,23.74,-245.7
-82.80,10.82,-168.35
-66.17,11.05,20.38
-165.94,37.83,70.31
-151.72,116.57,-118.
-319.85,66.78,-636.6
-437.55,114.37,-422.
-328.55,-144.41,-228
183.25,-264.71,-25.0
-126.32,-371.65,-128
-0.99,-235.34,-122.2
58.91,-130.42,-82.75
1.22,-195.70,-64.99
54.94,-202.15,112.28
11.33,-16.98,84.40
20.98,92.28,-16.92
96.62,189.83,-32.50
135.90,209.92,96.33
179.63,147.95,97.18
195.16,210.45,-58.19
50.38,223.97,-147.52
139.55,103.42,-78.92
37.61,93.88,10.26
-14.20,115.83,-9.03
34.23,206.60,7.65
26.25,229.27,-7.93
39.05,59.08,217.62
-112.59,165.59,106.7
-138.82,73.65,83.99
20.71,22.38,19.88
161.41,25.37,174.00
30.50,69.57,84.51
-0.39,73.52,63.20
38.22,89.78,13.70
-60.75,34.91,-15.56
-159.55,15.08,-7.11
-2.66,5.40,2.99
29.01,-13.44,-10.24
-15.00,-19.43,-11.87
-26.52,-16.84,-12.71
-57.95,-5.13,-25.86
71.32,-66.29,57.78
-31.55,22.32,21.84
31.94,7.38,-9.36
15.08,16.26,-2.45
-32.80,11.04,-15.93
-2.33,-48.32,49.10
-3.07,3.11,45.72
-10.24,-41.23,31.14
-26.09,-66.93,34.58
28.81,-124.61,10.57
-6.99,-71.28,-17.19
-27.41,-46.39,-34.27
-65.18,-28.15,-36.20
-123.62,-19.02,4.14
-85.00,15.68,8.24
-85.35,17.04,-10.24
-80.24,6.99,20.36
-5.13,32.54,60.36
2.88,43.33,-3.77
-49.56,6.94,-25.49
-49.70,9.17,-8.72
-52.50,27.69,-11.15
-55.95,36.64,37.17
-86.38,-23.49,16.44
-80.90,-63.28,-172.4
250.14,-67.53,-74.31
-35.46,-119.33,-98.0
-12.07,-158.03,-34.4
-96.70,-65.10,-53.29
58.81,20.48,-16.48
211.23,37.92,116.94
286.76,153.76,129.22
-96.70,-20.32,20.44
-274.50,-107.91,-6.2
-208.89,-88.69,-52.8
-353.25,119.70,-165.
-77.77,76.90,-144.28
44.92,-194.96,-157.7
65.12,-33.05,-74.20
253.46,21.62,100.95
255.83,64.68,103.84
406.33,47.95,44.30
231.90,-120.05,220.8
555.50,12.40,88.26
-211.63,-6.90,-50.59
1.59,-42.49,-51.00
-344.29,-109.48,-140
-73.40,89.45,-38.00
18.05,5.05,-67.81
253.05,-51.62,45.21
209.54,150.49,37.90
139.90,74.33,98.66
-140.20,-46.96,80.71
-288.14,61.18,-18.17
3.38,113.73,-102.47
-257.08,-59.74,-42.0
-516.37,-68.14,-29.8
-212.84,-72.82,-28.8
-105.98,11.44,86.83
19.66,37.22,91.35
-3.40,19.49,59.76
-60.17,4.84,66.43
-50.22,5.01,136.54
87.95,34.31,213.23
-27.45,13.13,230.48
58.63,45.44,168.17
-58.48,-10.49,12.82
-203.16,-144.28,-49.
-180.92,27.24,-73.40
79.11,47.66,111.73
416.45,106.45,99.76
4.55,-160.07,-415.59
-169.24,12.18,-464.9
-9.46,83.17,-146.61
-73.19,59.57,-13.15
28.52,43.13,25.33
-0.29,16.51,9.58
43.00,7.23,20.21
5.07,17.66,12.20
4.12,5.61,12.40
-0.60,1.69,6.02
-3.52,-0.91,3.89
0.23,-6.22,2.72
5.36,-2.20,4.39
3.92,2.93,3.15
0.91,2.70,-2.16
2.72,2.60,-7.13
1.92,0.19,-3.30
40.18,-3.81,14.07
3.65,-2.18,6.64
-4.74,5.83,-7.31
-12.67,-2.72,-6.63
-29.47,-6.08,-10.53
-6.57,0.76,-7.73
-11.13,3.61,-3.01
52.46,12.36,10.06
-16.48,3.77,6.47
-6.08,3.91,-6.43
1.90,-0.06,-7.95
-0.70,3.61,-5.05
0.25,2.27,-6.51
-19.06,-1.55,-10.65
2.25,-0.43,-6.94
-3.38,-2.88,-1.32
18.57,10.84,-3.98
10.88,2.16,-1.55
0.72,1.50,-3.23
5.56,1.22,-5.89
-8.74,3.83,-7.48
4.51,-4.68,2.82
1.98,2.10,3.38
6.59,5.21,-0.66
6.14,6.02,0.52
54.98,60.75,7.15
-31.51,95.98,10.20
-63.86,67.36,1.36
-5.44,23.08,-9.25
-6.55,-26.79,-15.95
-0.17,-4.39,-5.87
-21.68,8.61,14.07
-29.80,4.49,4.82
24.40,1.96,-11.00
23.57,-16.09,-18.52
41.73,-25.53,-10.32
-9.46,-18.59,-0.80
1.36,-27.65,-29.28
-4.72,-12.07,-13.76
-11.93,4.59,1.32
10.65,5.05,1.24
3.23,7.79,-13.37
-5.17,1.61,-11.58
0.52,1.42,-12.30
3.52,0.62,-1.61
