aX,aY,aZ 
-9.80,-2.19,0.25
-9.83,-2.11,0.07
-9.75,-2.18,0.27
-9.78,-2.16,0.44
-9.79,-2.01,0.16
-9.62,-2.08,0.36
-9.51,-2.04,0.34
-9.87,-2.16,0.52
-9.80,-2.03,0.76
-9.78,-2.03,0.71
-9.71,-2.07,0.67
-9.77,-2.01,0.87
-9.65,-2.02,0.86
-9.64,-2.09,0.79
-9.65,-1.93,1.20
-10.03,-1.90,1.19
-9.70,-1.75,1.10
-9.83,-1.74,1.30
-9.75,-1.79,1.24
-9.72,-1.74,1.31
-9.62,-1.72,1.43
-9.64,-1.72,1.52
-9.66,-1.70,1.34
-9.76,-1.83,1.54
-9.73,-1.78,1.50
-9.70,-1.63,1.62
-9.65,-1.67,1.45
-9.69,-1.65,1.56
-9.70,-1.62,1.64
-9.67,-1.59,1.57
-9.73,-1.75,1.59
-9.72,-1.70,1.50
-9.74,-1.71,1.39
-9.70,-1.68,1.47
-9.68,-1.70,1.40
-9.69,-1.70,1.53
-9.74,-1.71,1.54
-9.67,-1.61,1.50
-9.74,-1.72,1.58
-9.71,-1.73,1.58
-9.71,-1.75,1.49
-9.66,-1.70,1.41
-9.66,-1.72,1.41
-9.76,-1.74,1.49
-9.77,-1.65,1.43
-9.78,-1.78,1.38
-9.76,-2.02,1.57
-9.66,-2.39,1.83
-9.47,-2.72,1.98
-9.39,-3.44,2.09
-9.24,-3.88,2.00
-8.34,-5.12,3.96
-7.48,-5.21,3.87
-6.17,-5.70,4.89
-5.25,-6.05,5.59
-4.80,-5.85,6.49
-3.18,-6.24,6.75
-2.19,-6.19,7.16
-1.25,-6.13,8.02
-0.21,-5.79,7.79
0.69,-5.45,7.53
2.01,-5.18,7.60
2.81,-4.27,7.09
3.25,-3.99,6.81
2.83,-4.07,8.26
2.91,-3.53,9.23
3.08,-2.90,8.97
3.22,-1.98,8.80
3.39,-1.70,8.56
3.69,-1.09,8.94
4.30,-0.49,8.32
4.39,-1.08,7.35
4.71,-0.47,8.17
4.81,-0.24,8.63
4.96,0.57,8.00
4.92,0.37,9.09
4.67,1.36,8.80
4.31,1.15,7.96
3.71,0.24,7.48
3.28,0.92,9.42
0.91,-1.25,8.40
0.12,-0.77,10.54
-2.35,-0.27,9.45
-5.08,-0.34,8.98
-7.54,-0.43,6.74
-7.74,-0.41,7.56
-8.62,-0.47,5.05
-8.98,-0.32,5.08
-9.09,-0.55,6.81
-8.13,0.12,7.74
-5.85,0.93,7.85
-2.79,1.55,8.78
-0.52,0.41,8.73
1.19,0.04,8.42
2.07,0.11,9.59
4.36,1.03,9.28
2.47,-0.05,7.21
3.78,-0.51,8.81
5.01,2.04,8.65
2.92,2.31,8.79
2.21,3.09,9.79
1.19,1.17,9.89
0.42,0.42,6.67
-1.34,-1.00,7.49
-4.23,-0.86,10.54
-7.82,-0.55,5.49
-9.57,-1.75,4.46
-9.74,-2.36,3.97
-8.69,-1.53,5.90
-7.24,-1.00,8.05
-2.47,-1.24,8.67
2.25,0.23,8.29
3.37,0.20,8.35
3.67,2.81,8.95
2.28,1.23,8.37
-1.15,-0.37,8.36
-4.05,-1.64,8.06
-7.83,-1.49,7.73
-10.96,-1.64,4.94
-9.41,-0.53,4.77
-9.66,-0.88,7.27
-9.33,-0.81,8.50
-7.50,-0.55,9.33
-4.08,0.23,9.32
-0.49,0.10,8.24
3.90,-0.01,6.88
6.15,-1.14,5.89
7.43,-2.60,5.91
7.21,-3.61,3.50
6.69,-4.10,3.40
6.82,-3.57,4.87
6.47,-1.70,6.46
6.24,-0.80,7.31
4.96,-0.22,6.07
1.71,0.32,7.37
0.86,1.35,10.56
-1.78,0.88,10.36
-5.13,0.17,9.44
-9.10,-1.58,7.72
-8.09,-0.99,7.16
-9.30,-1.76,3.85
-8.29,-3.61,6.27
-8.79,-2.95,3.91
-7.45,-3.74,4.91
-7.36,-5.29,2.57
-7.53,-5.57,3.52
-7.37,-6.57,3.52
-6.32,-6.30,4.27
-4.93,-6.33,3.88
-3.83,-6.99,5.88
-3.44,-6.27,5.95
-2.87,-6.05,6.57
-2.92,-5.95,7.39
-3.02,-6.53,6.62
-3.21,-6.67,7.12
-2.32,-6.42,8.61
-1.22,-5.33,7.94
0.16,-5.05,8.30
0.90,-4.61,9.34
1.77,-4.01,9.16
3.00,-2.63,7.75
4.17,-1.94,7.00
4.59,-0.99,7.28
5.29,-0.03,6.61
5.44,0.36,8.16
4.97,0.81,7.89
5.26,1.00,7.62
3.96,0.83,7.24
3.59,0.93,7.57
1.92,1.62,9.44
-0.27,2.00,8.55
-2.19,2.00,9.99
-4.59,1.16,8.75
-6.13,0.66,8.17
-6.79,0.62,9.35
-7.36,-0.48,8.26
-7.22,0.24,7.89
-6.30,0.37,8.51
-5.24,0.05,8.34
-3.08,-0.29,8.66
-1.52,-0.13,9.21
0.17,0.39,9.67
2.09,0.97,10.61
2.55,0.09,9.70
3.96,0.99,8.27
4.76,-1.05,7.00
4.92,-2.09,7.29
3.08,-2.53,4.20
2.43,-3.42,7.57
0.80,-4.28,7.76
-3.82,-5.67,8.57
-4.70,-4.79,7.40
-7.27,-3.46,7.40
-7.78,-1.77,6.61
-8.94,-0.40,4.88
-9.10,-2.95,7.32
-7.71,-2.79,2.91
-7.81,-3.70,2.93
-8.38,-4.20,3.93
-7.56,-5.35,4.14
-7.35,-4.96,3.51
-8.28,-4.74,3.69
-7.90,-4.79,3.53
-7.94,-3.64,2.69
-7.69,-4.30,5.16
-8.58,-4.67,5.02
-8.73,-3.66,4.95
-7.83,-2.50,4.96
-7.69,-2.22,5.81
-7.64,-1.44,5.95
-7.62,-1.30,6.45
-7.12,-1.68,6.46
-6.53,-2.00,7.12
-6.34,-2.91,7.29
-6.49,-2.83,6.04
-6.81,-2.21,6.29
-6.99,-0.74,6.65
-7.73,-0.57,6.99
-7.40,-0.06,7.33
-6.65,-0.48,7.62
-7.65,-1.96,6.17
-8.15,-2.07,5.16
-8.06,-2.22,5.23
-9.22,-2.15,4.63
-7.92,-1.32,1.49
-9.78,-3.87,3.56
-8.75,-1.37,1.71
-9.16,-1.48,0.27
-11.46,-3.13,-1.32
-9.99,-0.29,1.59
-10.08,-1.92,3.79
-9.79,-1.49,4.67
-8.81,-1.65,5.63
-6.51,-1.46,7.36
-4.24,-1.36,9.00
-2.16,-2.20,9.00
-1.09,-3.99,9.62
0.56,-3.78,9.49
1.82,-4.13,6.59
1.30,-3.45,8.31
0.41,-2.76,8.00
0.77,-4.10,10.38
-0.06,-2.96,9.95
0.64,-3.12,8.59
-0.63,-3.79,7.13
0.71,-2.89,9.31
0.54,-3.30,8.66
0.79,-4.00,9.53
0.64,-3.10,8.16
0.10,-3.35,9.49
0.80,-2.07,9.35
1.68,-3.81,7.36
0.37,-2.78,7.86
0.67,-3.49,8.57
0.71,-2.34,8.60
0.29,-3.23,9.59
0.12,-2.07,8.34
-0.36,-1.48,8.31
-1.22,-1.78,8.44
-1.37,-1.04,9.65
-3.35,-1.13,10.19
-4.90,-0.28,7.99
-5.60,0.11,7.85
-7.20,-0.22,6.08
-8.63,-0.25,4.95
-9.19,-0.92,5.33
-9.10,-0.88,4.80
-8.99,-1.25,3.61
-9.71,0.35,1.81
-10.13,-2.83,1.49
-9.09,-2.35,2.01
-8.29,-0.34,2.51
-8.14,-2.85,7.79
-8.01,-0.37,8.14
-4.64,-0.73,9.70
-2.69,0.46,8.67
0.47,-1.18,8.29
3.51,-1.86,9.26
3.65,-3.70,7.48
5.10,-4.50,4.09
5.34,-4.65,7.48
3.77,-6.14,5.99
4.27,-5.64,5.77
4.49,-2.83,7.74
3.99,-1.98,9.22
2.95,-0.67,7.51
1.06,1.20,8.95
0.31,2.72,10.01
-1.67,2.91,9.27
-2.51,2.70,8.60
-4.02,3.06,9.57
-3.98,3.80,10.64
-3.10,2.75,9.06
-1.89,-0.05,7.64
-0.48,-2.45,9.67
0.15,-1.83,8.42
1.74,-1.52,9.31
0.76,-3.14,7.66
-0.34,-7.91,6.54
-2.74,-9.18,4.56
-2.33,-8.93,5.73
-0.66,-6.93,9.53
0.75,-3.76,8.67
2.04,-2.39,6.18
1.64,-1.58,8.39
0.67,-0.63,9.26
0.66,0.22,9.86
1.04,0.91,10.10
0.95,1.97,11.08
1.28,0.68,9.29
1.60,-1.41,7.72
1.02,-1.93,9.47
0.67,-1.48,9.69
-1.35,-3.08,7.17
-5.13,-7.69,5.96
-6.05,-8.10,5.75
-8.39,-7.32,1.51
-7.46,-5.74,2.91
-6.44,-4.63,4.52
-5.38,-3.93,7.24
-5.58,-2.33,7.56
-6.57,-1.32,6.44
-7.37,-1.60,7.52
-7.68,-1.28,7.61
-7.33,-1.76,7.41
-7.77,-2.54,6.79
-8.18,-2.89,5.65
-7.49,-3.26,2.49
-8.23,-3.90,1.19
-10.27,-4.53,-0.53
-11.06,-3.83,-0.29
-9.18,-2.96,-0.90
-9.95,-2.93,-0.31
-8.87,-3.76,0.04
-9.31,-4.15,0.96
-8.40,-3.57,2.32
-9.05,-2.52,2.06
-10.70,-3.63,-0.47
-9.90,-2.76,0.47
-10.01,-2.60,0.76
-9.80,-1.74,0.28
-9.35,-2.00,0.35
-10.24,-2.69,-0.09
-9.65,-1.84,0.88
-9.65,-2.05,0.97
-9.69,-2.06,1.00
-9.75,-2.12,0.98
-9.80,-1.97,1.19
-9.70,-1.95,0.81
-9.73,-2.04,0.78
-9.73,-2.05,0.93
-9.75,-1.99,0.86
-9.72,-2.16,0.86
-9.62,-1.97,0.97
-9.66,-2.02,0.67
-9.79,-1.95,0.93
-9.73,-2.04,0.84
-9.71,-2.02,0.89
-9.77,-2.05,0.69
-9.72,-1.97,0.86
-9.71,-2.07,0.74
-9.73,-2.03,0.82
-9.77,-2.01,0.87
-9.74,-2.04,0.91
-9.75,-1.99,0.79
-9.71,-2.08,0.83
-9.74,-2.07,0.78
-9.73,-2.06,0.84
-9.76,-2.05,0.72
-9.70,-1.96,0.88
-9.77,-2.04,0.80
-9.73,-2.13,0.89
-9.74,-2.10,0.83
-9.71,-2.02,0.81
-9.72,-1.98,0.94
-9.75,-2.07,0.78
-9.70,-2.07,0.95
-9.77,-2.10,0.93
-9.82,-2.04,0.91
-9.78,-2.01,0.79
-9.77,-2.02,0.84
-9.73,-2.06,0.80
-9.70,-2.07,0.83
-9.74,-2.08,0.78
-9.77,-2.13,0.80
-9.75,-2.12,0.75
-9.74,-2.07,0.86
-9.71,-2.07,0.85
-9.74,-2.10,0.74
-9.73,-2.04,0.73
-9.76,-2.07,0.86
-9.74,-2.05,0.77
-9.72,-2.70,0.06
-9.50,-2.51,0.44
-9.82,-2.51,0.36
-9.72,-2.49,0.22
-9.77,-2.42,0.36
-9.73,-2.37,0.45
-9.65,-2.35,0.47
-9.72,-2.32,0.42
-9.72,-2.33,0.39
-9.76,-2.33,0.42
-9.73,-2.31,0.50
-9.71,-2.37,0.51
-9.68,-2.39,0.39
-9.68,-2.37,0.34
-9.69,-2.34,0.39
-9.64,-2.40,0.38
-9.76,-2.43,0.32
-9.70,-2.36,0.41
-9.69,-2.41,0.44
-9.71,-2.35,0.46
-9.85,-2.32,0.37
-9.64,-2.37,0.57
-9.74,-2.45,0.48
-9.70,-2.43,0.55
-9.77,-2.31,0.38
-9.59,-2.41,0.51
-9.62,-2.45,0.49
-9.75,-2.41,0.43
-9.75,-2.39,0.55
-9.71,-2.43,0.50
-9.62,-2.43,0.48
-9.69,-2.43,0.57
-9.73,-2.43,0.62
-9.70,-2.37,0.47
-9.63,-2.38,0.60
-9.64,-2.36,0.42
-9.76,-2.37,0.64
-9.69,-2.37,0.59
-9.71,-2.42,0.44
-9.68,-2.41,0.61
-9.70,-2.43,0.57
-9.72,-2.36,0.35
-9.64,-2.37,0.43
-9.70,-2.38,0.50
-9.70,-2.39,0.59
-9.70,-2.35,0.53
-9.73,-2.40,0.50
-9.71,-2.38,0.41
-9.70,-2.38,0.49
-9.70,-2.31,0.55
-9.63,-2.28,0.55
-9.71,-2.35,0.51
-9.71,-2.32,0.50
-9.72,-2.39,0.54
-9.65,-2.40,0.52
-9.72,-2.36,0.49
-9.72,-2.27,0.51
-9.77,-2.31,0.49
-9.64,-2.34,0.41
-9.75,-2.34,0.40
-9.64,-2.28,0.45
-9.66,-2.30,0.51
-9.79,-2.25,0.56
-9.77,-2.16,0.52
-9.82,-2.09,0.48
-9.87,-2.07,0.50
-9.73,-2.09,0.54
-9.77,-2.03,0.51
-9.77,-2.03,0.71
-9.75,-1.98,0.62
-9.78,-2.01,0.57
-9.79,-2.06,0.63
-9.71,-2.05,0.65
-9.78,-2.09,0.67
-9.80,-2.08,0.58
-9.66,-2.08,0.62
-9.71,-2.05,0.71
-9.52,-2.09,0.66
-9.92,-2.08,0.33
-9.81,-2.05,0.90
-9.52,-2.12,0.92
-9.80,-2.00,0.81
-9.82,-2.03,0.87
-9.69,-2.13,0.72
-9.49,-2.17,0.68
-9.66,-2.18,1.06
-9.79,-2.14,1.17
-9.94,-2.22,1.22
-9.70,-2.22,0.94
-9.46,-2.16,0.97
-9.88,-2.16,0.88
-9.60,-2.20,1.23
-9.64,-2.06,1.08
-9.84,-1.96,1.27
-9.64,-1.97,1.07
-9.69,-2.01,1.18
-9.78,-1.92,1.25
-9.71,-1.95,0.90
-9.78,-1.94,1.20
-9.74,-1.84,0.91
-9.67,-1.89,1.04
-9.62,-1.96,1.19
-9.90,-1.86,1.33
-9.93,-1.89,1.15
-9.77,-1.97,1.12
-9.68,-1.91,0.86
-9.80,-1.96,0.95
-9.72,-1.95,0.97
-9.71,-1.99,0.89
-9.60,-2.07,1.01
-9.74,-2.08,1.21
-9.72,-2.01,0.93
-9.63,-1.91,0.86
-9.75,-1.89,1.04
-9.85,-1.94,1.28
-9.61,-1.94,0.34
-10.77,-1.46,2.16
-9.32,-2.31,1.39
-9.59,-1.93,1.17
-9.60,-2.15,0.82
-9.65,-2.26,0.94
-9.70,-2.17,0.97
-9.67,-2.17,0.88
-9.74,-2.10,0.95
-9.91,-2.01,1.13
-9.78,-2.17,0.72
-9.67,-2.04,0.92
-9.61,-2.02,0.75
-9.70,-1.84,0.88
-9.66,-1.99,0.72
-9.78,-2.24,1.12
-9.76,-1.93,1.07
-9.45,-1.99,1.06
-9.48,-2.07,1.40
-9.71,-2.03,1.23
-9.77,-2.04,1.31
-9.74,-2.06,1.25
-9.62,-1.88,1.01
-9.51,-1.63,0.92
-9.86,-1.88,1.53
-9.96,-1.85,1.28
-9.79,-1.81,0.64
-9.63,-1.87,1.26
-9.77,-1.85,1.28
-9.49,-1.73,1.03
-9.92,-1.69,1.35
-9.80,-1.79,1.17
-9.73,-1.70,1.11
-9.66,-1.82,1.13
-9.58,-1.83,1.13
-9.56,-1.79,1.23
-9.77,-1.70,1.10
-9.59,-1.88,0.73
-9.91,-1.81,1.17
-9.80,-1.82,0.97
-9.71,-1.86,0.88
-10.01,-1.73,1.36
-9.71,-1.78,1.15
-9.66,-1.81,1.06
-9.50,-1.87,0.87
-9.70,-1.79,0.76
-9.82,-1.89,0.94
-9.70,-1.80,1.46
-9.70,-1.72,0.95
-9.85,-1.79,1.00
-9.70,-1.79,0.92
-9.76,-1.65,1.03
-9.78,-1.57,1.09
-9.70,-1.62,1.47
-9.72,-1.63,1.32
-9.70,-1.71,1.14
-9.74,-1.79,1.17
-9.76,-1.72,1.30
-9.78,-1.69,1.09
-9.60,-1.76,1.25
-9.77,-1.85,0.50
-9.61,-1.78,1.06
-9.93,-1.78,1.35
-9.93,-1.70,0.82
-9.80,-1.82,0.68
-9.90,-1.73,0.92
-10.01,-1.86,1.25
-9.67,-2.03,1.53
-9.71,-1.82,1.15
-10.03,-1.86,0.71
-9.49,-1.96,0.68
-9.46,-1.90,0.63
-9.81,-2.04,0.96
-9.70,-2.09,0.81
-9.71,-2.07,0.52
-9.74,-2.12,0.91
-9.68,-2.05,0.67
-9.71,-2.11,0.93
-9.70,-2.08,0.97
-9.81,-2.00,0.81
-9.78,-2.00,0.75
-9.77,-2.07,0.81
-9.76,-2.03,0.75
-9.73,-1.95,0.75
-9.74,-1.96,0.80
-9.70,-1.94,0.81
-9.77,-2.01,0.95
-9.76,-1.89,0.85
-9.75,-1.94,0.90
-9.76,-1.94,0.96
-9.75,-1.94,0.94
-9.79,-2.01,1.04
-9.73,-1.97,0.84
-9.72,-1.99,0.86
-9.75,-1.92,0.98
-9.75,-1.93,0.88
-9.76,-2.03,0.98
-9.77,-1.91,0.95
-9.74,-1.96,0.96
-9.74,-1.92,1.03
-9.77,-1.94,0.92
-9.75,-1.90,0.92
-9.78,-1.94,1.01
-9.74,-1.97,0.89
-9.71,-1.97,0.93
-9.77,-1.95,0.91
-9.79,-1.93,0.90
-9.76,-1.92,0.89
-9.78,-1.99,0.91
-9.73,-1.94,0.88
-9.73,-1.92,0.89
-9.71,-1.97,0.93
-9.68,-1.94,0.80
-9.78,-1.94,0.83
-9.74,-1.91,0.85
-9.75,-1.95,0.90
-9.77,-2.00,1.01
-9.70,-1.93,0.81
-9.73,-1.96,0.90
-9.73,-1.92,0.92
-9.74,-1.95,0.93
-9.77,-1.94,0.90
-9.75,-1.95,0.95
-9.68,-1.96,0.88
-9.77,-1.95,0.95
-9.75,-1.89,0.91
-9.73,-1.97,0.87
-9.76,-1.95,0.91
-9.73,-1.92,0.89
-9.75,-1.93,0.92
-9.74,-1.99,0.85
-9.76,-1.93,0.93
-9.74,-1.94,0.86
-9.73,-1.94,0.83
-9.76,-1.90,0.85
-9.76,-1.97,0.88
-9.77,-1.97,0.88
-9.73,-1.95,0.87
-9.77,-1.92,0.86
-9.69,-1.95,0.87
-9.76,-1.95,0.90
-9.75,-1.92,0.90
-9.74,-1.98,0.94
-9.73,-1.94,0.90
-9.76,-2.05,0.92
-9.74,-1.97,0.86
-9.75,-1.98,0.90
-9.72,-1.95,0.86
-9.75,-1.97,0.93
-9.66,-1.97,0.86
-9.76,-1.94,0.93
-9.68,-1.97,0.76
-9.73,-1.91,0.94
-9.73,-1.97,0.83
-9.67,-1.99,0.88
-9.80,-1.95,0.88
-9.75,-1.91,0.89
-9.71,-1.96,0.98
-9.71,-1.95,0.85
-9.69,-2.04,0.87
-9.75,-1.90,0.86
-9.72,-1.92,0.95
-9.75,-2.00,0.88
-9.72,-1.98,0.88
-9.70,-1.95,0.91
-9.74,-2.01,0.93
-9.70,-1.97,0.93
-9.74,-1.93,0.97
-9.72,-1.92,0.85
-9.71,-1.99,0.97
-9.72,-2.04,0.93
-9.72,-1.94,0.98
-9.74,-1.96,0.96
-9.78,-2.00,0.96
-9.71,-1.97,1.00
-9.72,-1.99,0.87
-9.72,-1.99,0.90
-9.71,-1.94,0.90
-9.69,-2.00,0.88
-9.78,-2.00,0.86
-9.72,-1.96,0.90
-9.74,-1.99,0.88
-9.74,-2.00,0.81
-9.72,-1.97,0.91
-9.75,-2.00,0.91
-9.78,-2.00,0.87
-9.81,-2.04,0.78
-9.66,-2.09,0.98
-9.82,-1.92,0.73
-9.75,-2.08,0.93
-9.73,-2.02,0.94
-9.69,-2.07,1.02
-9.71,-2.06,0.82
-9.73,-2.06,0.94
-9.77,-2.10,0.77
-9.75,-2.05,0.84
-9.71,-2.06,0.96
-9.84,-2.14,0.83
-9.80,-2.10,0.68
-9.67,-2.13,0.73
-9.73,-2.14,0.80
-9.72,-2.12,0.82
-9.72,-2.13,0.72
-9.76,-2.13,0.78
-9.72,-2.15,0.78
-9.75,-2.15,0.63
-9.70,-2.12,0.72
-9.67,-2.14,0.75
-9.77,-2.21,0.75
-9.73,-2.09,0.70
-9.78,-2.13,0.64
-9.74,-2.15,0.80
-9.72,-2.15,0.84
-9.70,-2.12,0.72
-9.69,-2.18,0.72
-9.75,-2.09,0.80
-9.73,-2.05,0.71
-9.67,-2.13,0.85
-9.72,-2.13,0.80
-9.74,-2.13,0.86
-9.70,-2.07,0.80
-9.80,-2.13,0.74
-9.76,-2.08,0.78
-9.71,-2.08,0.83
-9.77,-2.06,0.81
-9.75,-2.05,0.87
-9.67,-2.02,0.83
-9.81,-2.10,0.81
-9.74,-2.03,0.87
-9.70,-2.12,0.77
-9.62,-2.12,0.87
-9.75,-2.14,0.80
-9.73,-2.12,0.76
-9.61,-2.11,0.66
-9.74,-2.11,1.00
-9.71,-2.13,0.79
-9.68,-2.05,0.75
-9.84,-2.08,0.77
-9.66,-2.17,0.78
-9.70,-2.10,0.95
-9.78,-2.14,0.77
-9.73,-2.02,0.75
-9.71,-2.06,0.84
-9.77,-2.05,0.84
-9.71,-2.03,0.86
-9.77,-2.01,0.85
-9.79,-1.94,0.72
-9.72,-1.97,1.02
-9.69,-2.08,0.93
-9.75,-2.00,0.98
-9.75,-2.01,0.88
-9.72,-2.02,0.99
-9.74,-1.96,0.84
-9.79,-1.99,0.82
-9.71,-2.00,0.86
-9.76,-1.98,0.90
-9.72,-2.03,0.93
-9.77,-1.98,0.92
-9.75,-1.95,0.93
-9.71,-2.01,0.96
-9.71,-1.98,0.93
-9.72,-1.99,0.90
-9.76,-2.00,0.83
-9.76,-2.01,1.01
-9.74,-2.02,0.89
-9.72,-1.98,0.84
-9.71,-2.00,0.91
-9.73,-2.00,0.88
-9.75,-2.01,0.86
-9.76,-2.03,0.87
-9.75,-1.97,0.87
-9.73,-2.00,0.86
-9.75,-2.04,0.89
-9.69,-1.99,0.84
-9.74,-2.03,0.91
-9.77,-2.02,0.97
-9.77,-2.01,0.89
-9.73,-2.01,0.89
-9.69,-2.01,0.81
-9.77,-2.02,0.86
-9.74,-1.98,0.87
-9.78,-1.98,0.91
-9.74,-2.03,0.82
-9.74,-2.05,0.83
-9.79,-2.04,0.79
-9.75,-2.05,0.88
-9.71,-2.00,0.89
-9.73,-2.00,0.84
-9.73,-2.06,0.84
-9.77,-2.06,0.79
-9.69,-1.97,0.92
-9.73,-2.03,0.86
-9.71,-2.02,0.89
-9.73,-2.08,0.98
-9.72,-2.04,0.86
-9.71,-2.02,0.88
-9.75,-2.03,0.89
-9.73,-2.03,0.89
-9.74,-2.00,0.88
-9.73,-1.96,0.88
-9.69,-2.02,0.89
-9.73,-2.05,0.92
-9.76,-2.00,0.86
-9.76,-2.02,0.82
-9.76,-1.97,0.87
-9.76,-2.05,0.91
-9.72,-2.03,0.86
-9.74,-2.00,0.84
-9.78,-2.09,0.92
-9.75,-2.00,0.77
-9.72,-1.97,0.79
-9.74,-2.03,0.86
-9.74,-1.99,0.88
-9.77,-2.12,0.89
-9.73,-2.10,0.82
-9.71,-1.98,0.86
-9.74,-2.06,0.91
-9.73,-2.04,0.92
-9.61,-2.03,0.82
-9.75,-2.06,0.92
-9.71,-2.02,0.87
-9.70,-2.05,0.94
-9.76,-2.03,0.87
-9.77,-1.98,0.88
-9.75,-2.09,0.87
-9.76,-2.00,0.80
-9.76,-2.02,0.81
-9.71,-1.98,0.85
-9.71,-2.04,0.88
-9.72,-2.01,0.85
-9.71,-2.04,0.80
-9.78,-2.05,0.80
-9.74,-2.01,0.81
-9.72,-2.02,0.84
-9.71,-2.09,0.86
-9.79,-2.08,0.79
-9.73,-2.03,0.76
-9.72,-2.04,0.73
-9.67,-2.05,0.74
-9.71,-2.11,0.97
-9.62,-2.00,0.80
-9.71,-2.05,0.99
-9.74,-2.01,0.84
-9.77,-2.04,0.79
-9.72,-2.04,0.76
-9.76,-2.10,0.78
-9.79,-2.04,0.78
-9.75,-2.02,0.81
-9.70,-2.06,0.87
-9.71,-2.06,0.81
-9.68,-2.06,0.71
-9.77,-2.05,0.78
-9.74,-2.04,0.83
-9.74,-2.04,0.81
-9.75,-2.12,0.89
-9.69,-2.04,0.73
-9.76,-2.09,0.79
-9.76,-2.07,0.75
-9.72,-2.07,0.81
-9.74,-2.09,0.87
-9.65,-2.07,0.79
-9.76,-2.07,0.84
-9.76,-2.09,0.83
-9.72,-2.08,0.83
-9.74,-2.06,0.81
-9.64,-2.08,0.81
-9.77,-2.01,0.82
-9.77,-2.03,0.80
-9.76,-2.03,0.81
-9.74,-2.08,0.78
-9.76,-2.06,0.80
-9.77,-2.10,0.73
-9.69,-2.06,0.75
-9.70,-2.10,0.83
-9.73,-2.07,0.73
-9.76,-2.15,0.81
-9.74,-2.07,0.83
-9.73,-2.10,0.81
-9.77,-2.07,0.83
-9.73,-2.05,0.80
-9.73,-2.10,0.91
-9.76,-2.07,0.89
-9.72,-2.08,0.81
-9.71,-2.05,0.85
-9.71,-2.08,0.86
-9.75,-2.03,0.78
-9.75,-2.06,0.83
-9.73,-2.09,0.86
-9.75,-2.03,0.83
-9.77,-2.08,0.78
-9.70,-2.10,0.85
-9.63,-2.07,0.74
-9.76,-2.11,0.79
-9.70,-2.05,0.79
-9.73,-2.10,0.78
-9.72,-2.09,0.77
-9.77,-2.15,0.89
-9.68,-2.13,0.82
-9.63,-2.02,0.71
-9.85,-2.05,0.87
-9.68,-2.15,1.07
-9.72,-2.01,0.76
-9.85,-2.10,0.67
-9.73,-2.16,0.78
-9.68,-2.16,0.80
-9.81,-2.22,0.71
-9.57,-2.17,0.70
-9.78,-2.19,0.72
-9.72,-2.19,0.86
-9.70,-2.24,0.80
-9.67,-2.24,0.78
-9.64,-2.16,0.75
-9.72,-2.21,0.73
-9.71,-2.22,0.78
-9.76,-2.21,0.76
-9.70,-2.21,0.80
-9.74,-2.15,0.74
-9.75,-2.20,0.73
-9.71,-2.26,0.67
-9.73,-2.22,0.76
-9.71,-2.24,0.79
-9.71,-2.26,0.66
-9.78,-2.21,0.68
-9.71,-2.32,0.76
-9.69,-2.27,0.70
-9.77,-2.22,0.65
-9.78,-2.21,0.71
-9.70,-2.17,0.61
-9.70,-2.20,0.77
-9.72,-2.20,0.61
-9.71,-2.18,0.68
-9.74,-2.19,0.55
-9.65,-2.17,0.62
-9.74,-2.23,0.57
-9.72,-2.22,0.66
-9.72,-2.24,0.69
-9.69,-2.23,0.59
-9.72,-2.33,0.66
-9.73,-2.23,0.68
-9.71,-2.24,0.67
-9.72,-2.23,0.66
-9.69,-2.22,0.72
-9.69,-2.27,0.68
-9.73,-2.25,0.69
-9.76,-2.18,0.62
-9.73,-2.25,0.68
-9.72,-2.25,0.69
-9.72,-2.21,0.61
-9.75,-2.20,0.54
-9.70,-2.21,0.68
-9.69,-2.24,0.64
-9.71,-2.20,0.60
-9.78,-2.27,0.62
-9.74,-2.24,0.59
-9.69,-2.25,0.60
-9.71,-2.28,0.61
-9.70,-2.25,0.67
-9.71,-2.21,0.64
-9.73,-2.28,0.71
-9.70,-2.20,0.58
-9.71,-2.22,0.68
-9.72,-2.26,0.72
-9.69,-2.21,0.59
-9.74,-2.26,0.62
-9.73,-2.27,0.60
-9.71,-2.26,0.70
-9.72,-2.20,0.65
-9.71,-2.22,0.61
-9.74,-2.22,0.62
-9.71,-2.25,0.65
-9.72,-2.22,0.63
-9.71,-2.26,0.64
-9.67,-2.19,0.54
-9.66,-2.18,0.64
-9.73,-2.27,0.62
-9.71,-2.26,0.70
-9.69,-2.28,0.65
-9.72,-2.24,0.65
-9.78,-2.28,0.73
-9.74,-2.29,0.68
-9.66,-2.19,0.69
-9.73,-2.31,0.73
-9.70,-2.22,0.67
-9.78,-2.29,0.72
-9.72,-2.28,0.63
-9.72,-2.19,0.59
-9.77,-2.25,0.62
-9.73,-2.29,0.68
-9.69,-2.20,0.58
-9.74,-2.27,0.57
-9.73,-2.23,0.62
-9.70,-2.24,0.58
-9.71,-2.28,0.67
-9.77,-2.28,0.66
-9.74,-2.24,0.61
-9.68,-2.22,0.63
-9.72,-2.27,0.69
-9.72,-2.26,0.61
-9.69,-2.21,0.60
-9.72,-2.24,0.57
-9.73,-2.28,0.63
-9.73,-2.22,0.56
-9.72,-2.25,0.59
-9.71,-2.20,0.51
-9.73,-2.22,0.60
-9.71,-2.21,0.55
-9.72,-2.23,0.56
-9.72,-2.24,0.58
-9.69,-2.18,0.51
-9.72,-2.26,0.63
-9.72,-2.21,0.61
-9.72,-2.24,0.66
-9.76,-2.30,0.68
-9.63,-2.21,0.54
-9.73,-2.21,0.63
-9.74,-2.25,0.67
-9.73,-2.25,0.65
-9.69,-2.25,0.69
-9.66,-2.27,0.57
-9.74,-2.25,0.65
-9.67,-2.22,0.62
-9.69,-2.23,0.65
-9.71,-2.22,0.56
-9.73,-2.28,0.64
-9.73,-2.25,0.65
-9.73,-2.22,0.64
-9.70,-2.21,0.60
-9.73,-2.27,0.65
-9.72,-2.16,0.62
-9.70,-2.28,0.67
-9.72,-2.28,0.67
-9.69,-2.22,0.63
-9.73,-2.29,0.63
-9.73,-2.21,0.62
-9.70,-2.31,0.65
-9.71,-2.26,0.66
-9.72,-2.23,0.58
-9.74,-2.23,0.59
-9.71,-2.21,0.65
-9.72,-2.25,0.64
-9.71,-2.25,0.60
-9.70,-2.28,0.65
-9.69,-2.25,0.59
-9.71,-2.24,0.71
-9.71,-2.21,0.62
-9.73,-2.26,0.68
-9.73,-2.31,0.80
-9.69,-2.20,0.57
-9.71,-2.26,0.69
-9.74,-2.29,0.67
-9.72,-2.26,0.66
-9.73,-2.29,0.67
-9.72,-2.21,0.67
-9.70,-2.29,0.72
-9.71,-2.26,0.69
-9.71,-2.23,0.67
-9.71,-2.20,0.64
-9.74,-2.23,0.66
-9.74,-2.28,0.64
-9.72,-2.24,0.60
-9.74,-2.23,0.65
-9.72,-2.27,0.68
-9.75,-2.24,0.66
-9.66,-2.22,0.62
-9.72,-2.26,0.69
-9.71,-2.24,0.61
-9.68,-2.21,0.56
-9.70,-2.25,0.71
-9.70,-2.27,0.62
-9.73,-2.25,0.68
-9.70,-2.26,0.69
-9.74,-2.31,0.69
-9.72,-2.26,0.65
-9.72,-2.21,0.66
-9.72,-2.28,0.63
-9.66,-2.24,0.65
-9.73,-2.31,0.59
-9.71,-2.25,0.58
-9.72,-2.18,0.58
-9.79,-1.87,0.14
-9.72,-2.00,0.45
-9.75,-2.36,0.61
-9.68,-2.22,0.71
-9.66,-2.22,0.20
-9.59,-2.20,0.56
-9.86,-2.13,0.66
-9.66,-2.05,1.16
-9.67,-2.10,1.40
-9.61,-1.85,1.47
-9.71,-1.76,1.18
-9.78,-1.80,1.26
-9.68,-1.66,1.48
-9.73,-1.56,1.43
-9.76,-1.54,1.40
-9.80,-1.54,1.56
-9.66,-1.48,1.55
-9.74,-1.47,1.56
-9.78,-1.44,1.63
-9.65,-1.43,1.66
-9.71,-1.43,1.66
-9.69,-1.40,1.65
-9.71,-1.39,1.64
-9.71,-1.36,1.63
-9.70,-1.43,1.63
-9.70,-1.37,1.72
-9.68,-1.39,1.63
-9.70,-1.44,1.67
-9.68,-1.39,1.71
-9.68,-1.36,1.65
-9.72,-1.40,1.64
-9.71,-1.32,1.72
-9.69,-1.45,1.77
-9.70,-1.35,1.70
-9.72,-1.36,1.73
-9.70,-1.33,1.60
-9.77,-1.41,1.76
-9.71,-1.29,1.58
-9.72,-1.32,1.71
-9.75,-1.34,1.57
-9.66,-1.33,1.66
-9.72,-1.42,1.76
-9.67,-1.43,1.72
-9.54,-1.64,1.36
-9.58,-1.50,1.52
-9.74,-1.09,2.40
-9.63,-1.39,1.75
-9.71,-1.45,1.47
-9.59,-1.62,1.68
-9.78,-1.61,1.41
-9.72,-1.69,1.02
-9.52,-1.60,1.65
-9.73,-1.57,0.97
-9.85,-1.65,1.34
-9.63,-1.62,1.44
-9.72,-1.52,1.33
-9.75,-1.70,1.36
-9.69,-1.73,1.31
-9.64,-1.65,1.42
-9.80,-1.74,1.31
-9.71,-1.71,1.23
-9.63,-1.70,1.40
-9.74,-1.73,1.58
-9.79,-1.74,1.20
-9.74,-1.66,1.02
-9.70,-1.65,1.41
-9.70,-1.65,1.38
-9.80,-1.63,1.26
-9.84,-1.61,1.28
-9.62,-1.65,1.48
-9.70,-1.68,1.58
-9.54,-1.62,1.38
-9.75,-1.63,1.45
-9.70,-1.48,1.51
-9.87,-1.39,1.37
-9.81,-1.50,1.40
-9.77,-1.47,1.47
-9.71,-1.43,1.60
-9.65,-1.32,1.77
-9.61,-1.16,1.79
-9.84,-1.22,1.91
-9.68,-1.18,1.74
-9.66,-1.19,1.87
-9.67,-1.09,2.16
-9.69,-1.18,2.05
-9.62,-1.16,2.11
-9.72,-1.20,2.06
-9.69,-1.11,1.97
-9.68,-1.09,1.85
-9.62,-1.11,1.97
-9.70,-1.24,1.91
-9.66,-1.13,1.82
-9.66,-1.14,2.03
-9.70,-1.19,1.93
-9.72,-1.14,1.91
-9.76,-1.15,1.78
-9.75,-1.12,1.90
-9.62,-1.22,1.83
-9.68,-1.23,1.64
-9.70,-1.24,1.85
-9.70,-1.26,1.84
-9.72,-1.29,1.54
-9.70,-1.38,1.59
-9.68,-1.39,1.56
-9.72,-1.34,1.60
-9.71,-1.34,1.69
-9.73,-1.45,1.43
-9.74,-1.36,1.56
-9.73,-1.36,1.48
-9.68,-1.37,1.56
-9.77,-1.35,1.52
-9.74,-1.31,1.56
-9.50,-1.49,1.54
-9.64,-1.46,1.57
-9.73,-1.38,1.53
-9.70,-1.37,1.65
-9.73,-1.43,1.55
-9.70,-1.37,1.62
-9.70,-1.33,1.55
-9.70,-1.40,1.58
-9.72,-1.41,1.62
-9.71,-1.40,1.56
-9.68,-1.38,1.55
-9.78,-1.43,1.65
-9.64,-1.50,1.70
-9.72,-1.50,1.38
-9.72,-1.52,1.53
-9.70,-1.51,1.47
-9.71,-1.54,1.61
-9.72,-1.52,1.62
-9.70,-1.53,1.59
-9.70,-1.50,1.48
-9.72,-1.53,1.57
-9.68,-1.53,1.47
-9.69,-1.48,1.49
-9.74,-1.48,1.44
-9.68,-1.69,1.90
-9.68,-1.54,1.58
-9.54,-1.78,1.35
-9.56,-1.74,1.21
-9.73,-1.71,1.36
-9.70,-1.75,1.24
-9.80,-1.79,1.32
-9.73,-1.75,1.35
-9.72,-1.74,1.23
-9.71,-1.77,1.21
-9.64,-1.82,1.23
-9.73,-1.83,1.21
-9.72,-1.81,1.29
-9.81,-1.85,1.13
-9.75,-1.85,1.14
-9.67,-1.82,1.31
-9.77,-1.84,1.21
-9.72,-1.85,1.15
-9.72,-1.83,1.19
-9.73,-1.80,1.23
-9.69,-1.88,1.14
-9.72,-1.92,1.20
-9.66,-1.85,1.10
-9.73,-1.86,1.14
-9.71,-1.84,1.17
-9.73,-1.84,1.25
-9.71,-1.89,1.08
-9.78,-1.80,1.20
-9.70,-1.77,1.25
-9.71,-1.81,1.18
-9.69,-1.86,1.16
-9.76,-1.86,1.18
-9.73,-1.83,1.11
-9.74,-1.84,1.18
-9.70,-1.80,1.21
-9.73,-1.84,1.20
-9.71,-1.85,1.28
-9.70,-1.77,1.10
-9.75,-1.84,1.11
-9.77,-1.81,1.15
-9.75,-1.80,1.10
-9.74,-1.82,1.18
-9.75,-1.87,1.09
-9.77,-1.78,1.14
-9.73,-1.83,1.07
-9.77,-1.82,1.15
-9.73,-1.75,1.12
-9.73,-1.83,1.21
-9.70,-1.84,1.06
-9.75,-1.77,1.17
-9.71,-1.87,1.00
-9.77,-1.82,0.99
-9.73,-1.79,0.99
-9.77,-1.82,1.10
-9.76,-1.75,1.12
-9.76,-1.79,1.12
-9.76,-1.79,1.07
-9.73,-1.80,0.99
-9.73,-1.79,1.03
-9.51,-1.72,0.73
-10.00,-1.58,0.70
-9.99,-1.61,0.48
-9.82,-1.66,1.16
-9.80,-1.91,1.11
-9.84,-1.87,0.61
-9.56,-1.98,1.25
-9.57,-2.09,0.96
-9.67,-1.90,0.88
-9.95,-2.04,0.94
-9.78,-1.85,1.28
-9.85,-1.89,1.11
-9.82,-1.89,0.91
-9.65,-1.97,1.19
-9.55,-2.01,1.21
-9.63,-1.93,1.43
-9.65,-2.05,1.50
-9.63,-1.98,1.57
-9.64,-1.94,1.44
-9.69,-1.94,1.31
-9.62,-1.92,1.46
-9.70,-1.94,1.42
-9.72,-1.92,1.31
-9.69,-1.91,1.33
-9.68,-1.89,1.34
-9.64,-1.95,1.25
-9.66,-1.94,1.40
-9.71,-1.90,1.25
-9.79,-1.86,1.40
-9.81,-1.76,1.57
-9.72,-1.88,1.26
-9.71,-1.96,1.04
-9.73,-2.01,1.00
-9.62,-2.06,0.97
-9.77,-2.21,1.05
-9.72,-2.13,1.03
-9.63,-2.22,0.77
-9.67,-2.26,0.82
-9.72,-2.28,0.74
-9.72,-2.31,0.80
-9.67,-2.19,0.85
-9.63,-2.20,0.60
-9.63,-2.18,0.78
-9.70,-2.17,0.95
-9.78,-2.07,1.04
-9.72,-1.97,0.97
-9.80,-1.96,0.85
-9.80,-1.91,0.79
-9.77,-1.93,0.73
-9.78,-1.95,0.79
-9.80,-1.93,0.83
-9.75,-1.93,0.83
-9.74,-1.95,0.75
-9.75,-1.94,0.86
-9.74,-1.94,0.81
-9.74,-1.96,0.87
-9.75,-1.97,0.71
-9.80,-1.92,0.73
-9.71,-1.98,0.70
-9.77,-1.92,0.83
-9.79,-1.96,0.66
-9.75,-1.89,0.74
-9.69,-1.86,1.06
-9.90,-2.00,0.53
-9.69,-1.99,0.86
-9.76,-2.02,0.87
-9.73,-2.11,0.57
-9.94,-2.17,-0.01
-9.69,-1.96,0.18
-9.62,-1.87,0.17
-9.85,-1.96,0.63
-9.70,-1.96,0.22
-9.72,-1.78,0.71
-9.87,-1.58,0.90
-9.73,-1.69,1.08
-9.83,-1.48,1.16
-9.86,-1.43,1.23
-9.84,-1.42,1.20
-9.85,-1.53,1.04
-9.77,-2.03,1.55
-9.81,-2.79,3.01
-8.86,-3.14,3.40
-8.03,-3.19,5.21
-6.66,-2.69,7.25
-5.32,-2.74,7.98
-2.28,-1.15,8.72
-0.52,-0.58,11.50
1.29,-0.32,9.15
3.15,-0.55,8.23
5.03,-0.43,5.21
5.99,-1.48,7.83
6.17,-2.16,6.87
6.27,-1.69,5.85
6.86,-2.35,7.19
5.52,-3.29,6.04
3.38,-9.92,4.04
3.66,-8.66,4.57
4.32,-7.87,4.80
4.57,-6.27,5.31
5.26,-4.47,5.94
5.82,-2.87,5.65
5.87,-2.00,6.61
6.03,-0.83,7.04
5.14,-0.22,7.72
3.58,1.17,7.34
2.11,1.21,7.95
0.31,2.12,7.81
-0.86,2.14,10.89
-5.17,1.97,8.13
-6.62,1.21,8.44
-8.26,1.24,6.72
-9.16,-0.86,5.93
-8.77,-0.31,4.65
-9.15,-0.42,2.04
-9.56,-0.82,1.25
-9.32,-3.09,1.17
-9.93,-0.71,0.38
-9.61,-1.08,0.45
-9.74,-1.24,1.39
-9.71,-1.25,1.32
-9.76,-1.36,1.40
-9.73,-1.29,1.29
-9.79,-1.36,1.29
-9.77,-1.28,1.35
-9.68,-1.31,1.41
-9.78,-1.25,1.26
-9.78,-1.27,1.27
-9.84,-1.45,1.48
-9.88,-1.58,1.18
-10.02,-1.30,0.92
-9.69,-2.04,-0.40
-9.66,-2.53,-0.59
-9.65,-2.52,-0.20
-9.77,-2.56,-0.32
-9.92,-2.26,-0.54
-9.64,-2.20,-0.11
-9.68,-2.38,-0.03
-9.85,-2.23,-0.19
-9.71,-2.06,-0.24
-9.68,-2.14,-0.08
-9.83,-2.18,-0.62
-10.15,-2.01,0.54
-9.74,-1.73,0.16
-10.08,-1.59,0.71
-9.53,-1.57,0.27
-9.72,-1.40,0.46
-9.50,-1.30,-0.27
-10.02,-1.36,1.07
-9.68,-1.15,0.86
-9.63,-1.43,0.66
-9.99,-1.22,1.35
-9.74,-1.17,1.06
-9.73,-1.17,1.36
-9.75,-1.09,1.32
-9.77,-1.15,1.39
-9.84,-1.17,1.24
-9.78,-1.14,1.14
-9.83,-1.12,1.30
-9.83,-1.09,1.33
-9.77,-1.15,1.31
-9.77,-1.18,1.29
-9.77,-1.15,1.22
-9.80,-1.21,1.27
-9.81,-1.12,1.20
-9.80,-1.09,1.19
-9.80,-1.10,1.28
-9.78,-1.10,1.18
-9.91,-1.19,1.25
-9.80,-1.09,1.15
-9.78,-1.13,1.39
-9.80,-1.06,1.03
-9.81,-1.10,1.29
-9.78,-1.06,1.26
-9.70,-1.11,1.30
-9.90,-1.03,1.36
-9.82,-1.18,1.07
-9.81,-1.23,1.15
-9.82,-1.15,1.35
-9.74,-1.15,1.26
-9.76,-1.16,1.24
-9.80,-1.18,1.30
-9.81,-1.21,1.41
-9.80,-1.14,1.30
-9.77,-1.14,1.16
-9.80,-1.20,1.26
-9.73,-1.15,1.26
-9.81,-1.17,1.40
-9.74,-1.08,1.17
-9.78,-1.11,1.32
-9.81,-1.18,1.24
-9.80,-1.12,1.30
-9.78,-1.16,1.16
-9.74,-1.16,1.20
-9.82,-1.18,1.25
-9.77,-1.14,1.22
-9.81,-1.15,1.21
-9.78,-1.17,1.26
-9.91,-1.16,1.06
-9.83,-1.06,1.62
-9.83,-1.14,1.36
-9.77,-1.12,1.32
-9.80,-1.14,1.16
-9.84,-1.12,1.29
-9.81,-1.10,1.26
-9.86,-1.16,1.20
-9.81,-1.14,1.30
-9.85,-1.11,1.29
-9.82,-1.10,1.36
-9.77,-1.15,1.42
-9.77,-1.17,1.30
-9.76,-1.18,1.22
-9.81,-1.11,1.32
-9.78,-1.06,1.26
-9.81,-1.12,1.26
-9.75,-1.16,1.31
-9.77,-1.09,1.21
-9.86,-1.12,1.32
-9.74,-1.09,1.34
-9.73,-1.09,1.23
-9.70,-1.05,1.31
-9.75,-1.07,1.44
-9.80,-1.10,1.26
-9.83,-1.10,1.39
-9.80,-1.16,1.32
-9.77,-1.15,1.21
-9.80,-1.07,1.31
-9.76,-1.11,1.27
-9.75,-1.06,1.25
-9.84,-1.09,1.27
-9.81,-1.16,1.30
-9.77,-1.14,1.25
-9.72,-1.20,1.15
-9.75,-1.09,1.37
-9.80,-1.17,1.44
-9.79,-1.15,1.28
-9.79,-1.07,1.30
-9.85,-1.16,1.42
-9.80,-1.19,1.26
-9.74,-1.10,1.18
-9.79,-1.18,1.23
-9.80,-1.13,1.41
-9.70,-1.09,1.25
-9.79,-1.13,1.32
-9.79,-1.10,1.36
-9.80,-1.17,1.26
-9.81,-1.16,1.34
-9.78,-1.13,1.17
-9.75,-1.14,1.40
-9.80,-1.16,1.30
-9.76,-1.14,1.34
-9.79,-1.14,1.34
-9.76,-1.17,1.33
-9.85,-1.09,1.30
-9.80,-1.05,1.32
-9.80,-1.08,0.99
-9.76,-1.22,1.60
-9.73,-1.11,1.25
-9.81,-1.17,1.51
-9.78,-1.01,1.35
-9.75,-1.11,1.25
-9.83,-1.03,1.45
-9.76,-0.98,1.28
-9.78,-1.07,1.50
-9.84,-1.06,1.49
-9.78,-1.05,1.37
-9.77,-1.05,1.37
-9.72,-1.07,1.32
-9.81,-1.11,1.25
-9.78,-1.08,1.31
-9.78,-1.08,1.39
-9.80,-1.13,1.37
-9.73,-1.11,1.45
-9.81,-1.07,1.29
-9.79,-1.07,1.35
-9.78,-1.20,1.20
-9.81,-1.12,1.31
-9.85,-1.09,1.36
-9.83,-1.10,1.39
-9.81,-1.13,1.28
-9.76,-1.09,1.38
-9.85,-1.14,1.27
-9.73,-1.16,1.22
-9.78,-1.09,1.30
-9.78,-1.11,1.31
-9.75,-1.15,1.29
-9.70,-1.14,1.22
-9.82,-1.12,1.38
-9.76,-1.13,1.32
-9.81,-1.14,1.36
-9.76,-1.14,1.19
-9.85,-1.12,1.22
-9.78,-1.18,1.28
-9.76,-1.08,1.27
-9.78,-1.13,1.31
-9.78,-1.08,1.24
-9.82,-1.17,1.38
-9.81,-1.16,1.20
-9.80,-1.14,1.30
-9.80,-1.15,1.33
-9.75,-1.14,1.20
-9.77,-1.17,1.37
-9.82,-1.20,1.48
-9.79,-1.11,1.30
-9.72,-1.14,1.28
-9.89,-1.25,1.44
-9.80,-1.10,1.46
-10.00,-0.91,1.43
-9.67,-1.23,1.20
-9.79,-1.03,1.42
-9.62,-1.37,1.13
-9.81,-1.13,1.57
-9.82,-1.07,1.38
-9.75,-1.21,1.31
-9.81,-1.25,1.32
-9.92,-1.07,1.16
-9.76,-1.17,1.37
-9.88,-1.16,1.50
-9.72,-1.21,1.45
-9.63,-1.06,1.49
-9.73,-1.21,1.36
-9.70,-1.08,1.38
-9.79,-1.04,1.42
-9.83,-1.12,1.35
-9.73,-1.11,1.32
-9.74,-1.11,1.46
-9.79,-1.06,1.37
-9.78,-1.09,1.25
-9.78,-1.13,1.41
-9.78,-1.09,1.20
-9.76,-1.12,1.39
-9.77,-1.15,1.31
-9.79,-1.12,1.37
-9.77,-1.11,1.28
-9.80,-1.15,1.32
-9.77,-1.11,1.32
-9.80,-1.21,1.32
-9.85,-1.08,1.35
-9.78,-1.08,1.23
-9.77,-1.11,1.33
-9.81,-1.11,1.40
-9.81,-1.13,1.31
-9.81,-1.15,1.28
-9.74,-1.06,1.23
-9.77,-1.14,1.21
-9.80,-1.17,1.31
-9.78,-1.18,1.30
-9.77,-1.14,1.29
-9.80,-1.14,1.30
-9.77,-1.08,1.17
-9.81,-1.17,1.31
-9.80,-1.08,1.42
-9.78,-1.14,1.31
-9.81,-1.14,1.36
-9.79,-1.13,1.31
-9.81,-1.19,1.39
-9.75,-1.10,1.22
-9.82,-1.14,1.27
-9.80,-1.12,1.33
-9.80,-1.12,1.31
-9.80,-1.14,1.27
-9.79,-1.10,1.28
-9.75,-1.12,1.31
-9.82,-1.09,1.28
-9.84,-1.11,1.27
-9.78,-1.13,1.32
-9.78,-1.12,1.29
-9.78,-1.14,1.32
-9.81,-1.09,1.32
-9.78,-1.14,1.33
-9.79,-1.10,1.27
-9.78,-1.11,1.25
-9.78,-1.13,1.30
-9.84,-1.17,1.32
-9.78,-1.18,1.32
-9.77,-1.13,1.23
-9.82,-1.13,1.23
-9.78,-1.15,1.31
-9.84,-1.17,1.35
-9.78,-1.13,1.47
-9.75,-1.16,1.18
-9.80,-1.15,1.28
-9.81,-1.13,1.39
-9.79,-1.09,1.24
-9.80,-1.12,1.39
-9.79,-1.16,1.37
-9.76,-1.13,1.31
-9.78,-1.13,1.25
-9.81,-1.13,1.36
-9.82,-1.12,1.35
-9.77,-1.14,1.22
-9.82,-1.10,1.30
-9.80,-1.11,1.26
-9.84,-1.07,1.23
-9.86,-1.20,1.33
-9.89,-1.60,1.09
-9.64,-2.51,2.51
-9.57,-2.69,3.03
-8.96,-3.08,4.36
-7.75,-2.25,6.63
-6.33,-2.46,8.48
-4.99,-0.85,10.64
-2.27,-0.52,9.10
0.46,0.06,7.95
2.63,-0.20,8.51
3.85,-0.51,7.65
5.23,-1.62,8.56
5.51,-0.79,7.32
6.03,-0.18,7.18
5.43,-0.68,6.22
4.38,-3.98,7.31
4.34,-7.34,4.96
3.55,-8.93,4.64
4.08,-7.26,4.76
4.56,-5.95,5.17
4.90,-3.92,6.37
5.09,-1.48,7.24
4.68,-0.44,7.33
4.23,0.60,9.26
1.53,0.88,6.76
-0.96,1.99,9.93
-3.85,3.18,10.71
-7.62,1.52,5.69
-8.76,0.14,7.90
-9.44,-0.50,5.52
-9.63,-0.49,5.82
-9.06,-0.31,7.10
-8.26,-0.15,6.93
-5.87,0.55,8.89
-3.21,0.90,7.43
-0.19,1.87,9.46
1.76,1.25,9.48
3.11,0.08,8.92
4.12,-0.49,5.95
4.94,-3.11,7.54
4.50,-3.96,7.18
3.32,-5.93,7.30
2.31,-7.70,6.56
1.98,-8.20,6.70
2.75,-6.93,5.86
3.37,-4.57,7.50
3.22,-2.35,6.54
2.95,-1.84,8.00
2.78,-0.00,10.17
1.65,1.51,9.45
-0.53,1.19,7.04
-1.98,2.13,10.25
-3.57,2.16,9.47
-4.81,2.48,10.12
-4.73,2.56,10.60
-4.18,2.12,10.02
-2.67,1.64,8.69
-1.32,1.23,8.95
0.60,0.88,8.66
1.88,0.12,10.12
2.94,-1.11,9.85
2.45,-1.79,8.24
0.17,-3.52,4.10
-2.74,-8.83,5.63
-4.44,-11.18,4.12
-4.43,-9.85,4.37
-3.51,-8.01,5.48
-1.75,-6.94,7.49
-0.24,-3.27,7.89
1.47,-0.30,9.41
1.47,1.08,10.13
1.14,0.66,9.70
1.19,0.53,9.31
0.49,-0.16,9.35
-0.70,-0.30,7.62
-3.03,-0.19,8.97
-4.20,0.75,8.77
-5.80,-0.05,9.43
-6.27,-0.49,10.44
-5.79,0.30,10.12
-4.75,1.16,9.21
-2.78,1.24,8.52
0.18,1.19,9.56
1.81,1.03,9.19
3.41,1.34,9.99
4.07,-0.98,6.67
5.06,-2.11,6.23
4.37,-4.52,4.69
2.61,-8.28,6.75
1.37,-10.32,3.73
2.06,-8.17,4.73
2.53,-7.28,5.72
2.97,-5.05,7.72
3.71,-2.15,6.88
3.20,-0.20,8.12
2.44,1.89,9.43
1.72,2.94,8.86
0.85,2.96,7.78
-1.67,2.99,7.76
-4.59,3.34,8.79
-5.22,2.92,9.29
-6.76,2.80,7.89
-6.86,2.60,8.57
-6.10,3.38,8.22
-4.41,3.39,7.74
-2.63,3.39,8.66
-0.45,3.07,8.71
0.86,2.23,8.98
2.73,1.44,9.81
3.54,0.46,8.06
4.86,-1.65,6.63
5.50,-2.58,6.04
4.50,-4.96,5.13
2.92,-6.87,1.21
1.91,-11.34,6.39
2.67,-7.09,5.57
3.82,-4.79,7.44
3.84,-3.37,7.33
4.19,-2.06,7.80
3.58,0.21,7.69
2.84,0.84,8.53
1.34,2.16,8.98
-1.98,2.19,8.19
-3.17,2.68,9.26
-5.26,1.61,8.42
-6.65,1.50,8.70
-6.89,-0.10,7.67
-7.03,-0.75,6.79
-6.57,-1.42,6.27
-6.58,-1.84,7.43
-6.47,-3.35,7.26
-6.48,-4.24,5.44
-8.07,-4.37,1.57
-8.85,-4.07,-1.95
-9.81,-5.02,1.57
-9.27,-4.81,2.04
-8.37,-3.79,3.98
-8.73,-2.47,7.95
-8.70,-1.30,7.86
-7.13,-2.73,6.74
-4.79,-3.01,7.40
-3.80,-4.02,7.29
-3.33,-5.93,6.05
-3.80,-6.94,5.72
-3.59,-7.21,7.40
-4.11,-6.10,5.67
-3.48,-6.53,7.66
-3.18,-5.87,6.22
-2.95,-6.26,7.67
-2.01,-5.51,6.76
-1.98,-4.76,7.50
-1.49,-4.33,8.61
-1.13,-3.77,9.04
-1.05,-2.64,8.51
-1.19,-1.76,8.91
-1.54,0.34,9.01
-2.19,1.19,9.39
-3.75,1.38,8.41
-4.60,2.32,8.83
-5.37,2.06,9.01
-5.72,2.09,8.75
-6.07,1.67,8.16
-4.66,1.21,9.42
-4.81,1.33,8.89
-2.91,-0.03,8.72
-2.06,-0.45,10.01
-1.58,-2.27,7.96
-0.92,-3.56,7.90
-1.24,-3.82,8.00
-2.31,-5.51,6.66
-2.94,-4.18,6.46
-3.65,-5.85,7.07
-4.14,-5.60,7.56
-4.46,-5.62,7.55
-4.27,-5.90,6.19
-4.08,-5.47,7.33
-2.86,-4.57,8.30
-2.23,-4.70,7.47
-1.58,-4.68,6.64
-1.62,-4.60,7.73
-1.12,-3.70,7.74
-1.31,-1.95,9.57
-1.12,-0.60,7.79
-2.55,0.27,8.23
-2.43,2.93,11.75
-4.21,1.35,8.01
-4.43,1.20,8.48
-5.20,0.37,8.12
-5.80,-0.22,7.97
-6.52,-0.80,7.23
-6.87,-1.12,6.71
-7.14,-2.16,6.68
-7.51,-1.87,5.59
-7.53,-2.44,5.88
-7.86,-1.10,5.01
-8.48,-1.40,4.88
-8.62,-1.30,4.24
-9.41,-1.89,3.78
-9.28,-0.87,4.15
-9.08,-1.04,4.43
-8.77,-1.28,4.05
-8.77,-1.28,5.05
-7.85,-1.43,6.56
-7.00,-0.45,6.56
-6.42,-1.07,7.41
-5.56,-1.21,7.44
-4.52,-2.08,9.18
-3.84,-2.05,8.57
-1.90,-2.27,8.56
-1.07,-2.04,8.50
0.00,-2.60,7.76
0.60,-3.27,8.12
0.44,-2.39,9.55
0.86,-1.72,10.63
1.01,-1.97,9.05
1.32,-0.95,7.77
1.19,-0.46,9.72
1.56,-0.73,9.62
1.31,-0.03,8.95
0.67,-0.59,9.51
0.03,0.72,9.19
-0.22,1.68,9.27
-0.86,1.99,8.37
-1.08,1.95,9.13
-1.57,2.69,9.81
-1.82,3.01,9.53
-1.29,2.54,9.29
-0.60,1.84,9.70
-0.23,1.36,8.98
0.50,1.09,9.51
1.00,0.62,9.36
0.56,-0.98,9.24
0.45,-2.37,8.84
0.32,-4.25,7.53
-0.91,-7.50,8.00
-2.01,-6.77,6.37
-1.56,-2.94,5.45
-2.51,-2.73,9.72
-2.68,-2.64,10.47
-3.64,-2.69,6.17
-5.28,-3.89,6.58
-6.86,-2.78,7.98
-8.06,-2.65,3.80
-10.72,-4.16,6.19
-9.69,-2.49,3.86
-9.86,-2.53,2.99
-8.61,-2.51,0.60
-9.92,-2.02,2.28
-8.90,-2.86,2.19
-9.62,-3.00,0.27
-9.06,-2.65,1.19
-9.55,-2.65,2.80
-9.39,-2.05,3.65
-8.76,-1.23,5.78
-7.18,-1.73,7.31
-4.91,-1.26,8.55
-3.26,-1.31,9.02
-1.65,-0.68,8.72
0.14,-0.32,8.55
0.71,-1.09,7.82
0.15,-0.63,7.44
-1.39,-1.23,9.92
-3.62,-0.98,7.94
-5.29,-1.60,8.71
-6.70,-1.66,7.78
-8.85,-1.98,6.10
-9.30,-0.92,4.54
-9.39,-2.30,3.67
-9.57,-2.26,2.47
-9.44,-2.47,1.12
-8.94,-4.76,3.32
-10.80,-3.56,2.08
-9.79,-3.62,0.93
-7.21,-5.32,3.83
-4.89,-5.99,4.82
-4.01,-4.11,6.96
-2.92,-4.37,9.12
-2.91,-3.32,7.24
-3.39,-3.30,9.24
-3.74,-1.77,8.68
-3.62,-3.58,8.05
-5.58,-2.35,5.26
-7.81,-6.56,8.12
-7.36,-4.43,5.13
-9.10,-2.27,1.33
-9.56,-3.33,1.73
-9.63,-3.76,1.90
-9.98,-3.11,-0.07
-9.35,-4.14,1.33
-8.64,-5.28,2.84
-7.51,-4.30,2.25
-7.39,-4.94,4.45
-5.52,-4.54,6.98
-6.44,-3.42,6.06
-6.05,-2.60,6.50
-6.55,-2.33,6.87
-7.61,-2.15,5.59
-8.59,-3.30,5.38
-8.46,-3.26,5.28
-9.51,-1.80,0.86
-9.90,-1.76,2.14
-9.73,-1.73,0.97
-9.62,-2.18,1.30
-9.66,-2.31,1.25
-9.64,-1.74,1.44
-9.67,-1.83,1.77
-10.05,-1.81,2.25
-9.68,-1.70,1.18
-9.09,-1.93,2.58
-9.66,-1.43,2.55
-9.48,-1.62,3.22
-8.87,-1.67,3.44
-9.49,-1.45,4.17
-9.30,-1.08,2.92
-9.49,-1.10,2.59
-9.36,-1.38,3.11
-9.24,-1.61,3.04
-9.23,-1.02,3.09
-9.64,-0.94,2.91
-9.71,-1.24,2.54
-9.47,-1.50,2.03
-9.56,-0.85,2.17
-9.71,-1.17,1.60
-9.47,-1.31,2.39
-9.48,-1.39,2.07
-9.53,-1.38,2.15
-9.54,-1.28,2.00
-9.54,-1.33,2.51
-9.46,-1.38,3.36
-9.25,-0.96,2.97
-9.15,-0.91,3.69
-8.80,-0.91,4.22
-8.51,-0.52,5.05
-8.46,-0.58,4.97
-7.64,-0.54,6.47
-6.64,-0.83,8.30
-6.37,-1.36,6.51
-5.73,-3.49,7.82
-4.90,-4.33,4.88
-5.53,-5.30,6.99
-4.40,-4.09,7.21
-3.57,-3.65,7.64
-3.27,-4.71,7.87
-2.83,-3.64,7.27
-1.51,-2.74,8.71
-1.09,-1.85,9.33
-1.44,-1.07,8.93
-1.80,-0.53,9.42
-2.26,0.70,9.40
-1.68,1.37,10.99
-1.20,2.29,9.77
0.52,1.23,9.71
1.71,0.87,7.34
3.47,0.86,9.82
3.96,-0.11,9.61
3.78,-2.75,7.06
4.14,-3.32,5.73
5.25,-4.15,6.88
4.72,-5.11,7.24
3.34,-7.79,6.19
2.71,-8.85,4.82
3.43,-6.20,5.98
3.79,-4.58,7.36
4.16,-2.80,8.11
4.05,-0.99,7.78
4.07,0.19,8.10
3.74,1.06,7.98
2.68,2.07,7.99
1.10,1.91,7.13
-1.82,3.32,8.84
-3.82,3.19,9.03
-4.07,3.63,10.33
-4.32,3.15,9.91
-3.47,3.19,9.39
-2.14,2.65,8.88
-0.15,1.80,9.80
1.50,1.76,8.69
2.97,0.89,8.03
4.04,-0.28,6.83
5.09,-1.92,8.12
4.79,-2.06,5.62
4.38,-4.07,5.51
2.96,-7.52,6.74
1.67,-9.86,5.62
1.39,-9.08,5.17
2.13,-7.26,5.62
2.76,-5.46,6.84
3.56,-3.14,7.62
3.66,-1.82,7.53
3.34,0.31,9.41
2.51,2.16,9.28
1.53,2.18,7.76
-0.53,3.18,8.03
-2.46,3.74,8.90
-3.61,4.71,9.48
-3.67,4.28,10.01
-3.52,4.12,9.46
-2.54,3.88,8.66
-0.12,3.40,8.62
0.65,2.56,9.23
1.82,1.91,9.30
2.62,0.63,8.56
3.50,-1.00,7.94
4.21,-2.15,7.66
4.38,-3.19,7.48
3.28,-5.29,8.21
1.77,-7.70,6.17
2.09,-7.31,6.22
2.87,-5.49,7.55
3.26,-4.22,8.09
3.25,-2.60,8.25
3.37,-1.41,8.51
3.07,-0.22,9.12
3.04,0.97,7.86
1.83,1.04,9.94
1.33,2.00,8.72
0.11,2.86,8.52
-0.90,2.31,8.88
-1.70,1.42,8.86
-3.87,1.56,7.98
-6.40,0.80,7.70
-5.49,-1.48,9.97
-7.19,-3.15,6.04
-8.40,-3.38,2.95
-8.78,-3.47,2.58
-9.24,-2.63,3.45
-10.17,0.01,2.77
-11.34,-2.34,-3.07
-9.60,-1.22,2.09
-9.46,-0.42,3.32
-10.46,-1.09,0.48
-9.84,-1.19,2.48
-9.49,-0.80,2.17
-9.43,-0.71,1.50
-9.63,-0.94,1.76
-10.36,-1.98,2.43
-9.53,-0.66,1.76
-9.63,-1.06,1.74
-9.77,-1.49,1.34
-9.51,-0.97,1.83
-9.47,-1.11,2.28
-9.57,-1.20,2.50
-9.61,-1.21,2.21
-9.59,-1.08,2.27
-9.56,-1.19,2.17
-9.54,-1.16,2.16
-9.57,-1.31,2.04
-9.71,-1.32,2.07
-9.66,-1.29,2.26
-9.65,-1.32,1.80
-9.60,-1.21,2.06
-9.59,-1.34,2.23
-9.62,-1.29,2.17
-9.62,-1.29,2.23
-9.48,-1.38,1.95
-9.49,-1.39,2.35
-9.42,-1.31,2.05
-9.67,-1.20,2.22
-9.63,-1.17,2.03
-9.62,-1.13,2.00
-9.51,-1.53,1.89
-10.33,-0.68,2.34
-8.60,-0.64,1.86
-9.74,-1.29,1.85
-9.68,-1.18,1.73
-9.47,-1.29,1.65
-9.70,-1.04,2.37
-9.36,-1.02,1.99
-9.78,-1.27,2.38
-9.67,-1.10,2.24
-9.70,-0.94,2.31
-9.50,-1.14,1.99
-9.73,-1.21,1.94
-9.61,-1.21,2.21
-9.56,-1.18,2.30
-9.63,-1.23,2.08
-9.53,-1.17,2.05
-9.60,-1.20,2.29
-9.67,-1.15,2.05
-9.49,-1.21,2.11
-9.59,-1.24,2.09
-9.58,-1.19,2.02
-9.47,-1.17,2.19
-9.56,-1.17,2.13
-9.57,-1.25,2.31
-9.54,-1.19,2.33
-9.62,-1.21,2.43
-9.62,-1.11,2.62
-9.67,-1.12,2.33
-9.47,-1.08,2.31
-9.59,-1.24,2.17
-9.48,-1.16,2.29
-9.63,-1.21,2.25
-9.46,-1.21,2.20
-9.55,-1.26,2.23
-9.59,-1.20,2.27
-9.58,-1.17,2.17
-9.57,-1.16,2.27
-9.53,-1.21,2.28
-9.63,-1.19,2.22
-9.59,-1.15,2.20
-9.64,-1.16,2.28
-9.58,-1.27,2.15
-9.58,-1.22,2.21
-9.60,-1.23,2.35
-9.58,-1.27,2.21
-9.62,-1.23,2.14
-9.58,-1.25,2.14
-9.61,-1.26,2.07
-9.56,-1.26,2.06
-9.60,-1.39,1.93
-9.57,-1.24,2.15
-9.56,-1.35,1.62
-9.71,-1.26,2.11
-9.61,-1.29,2.01
-9.61,-1.16,2.30
-9.69,-1.36,1.94
-9.52,-1.22,2.42
-9.45,-1.21,1.96
-9.51,-1.24,2.14
-9.65,-1.17,2.16
-9.59,-1.23,2.42
-9.58,-0.99,2.32
-9.67,-1.18,2.26
-9.55,-1.00,2.39
-9.59,-1.14,2.33
-9.59,-1.04,2.38
-9.53,-1.13,2.25
-9.59,-1.19,2.32
-9.47,-1.21,2.13
-9.81,-1.00,2.80
-9.81,-1.06,2.16
-9.50,-1.08,2.51
-9.66,-1.06,2.49
-9.48,-1.15,2.21
-9.62,-1.16,2.17
-9.56,-1.15,2.19
-9.63,-1.18,2.29
-9.58,-1.11,2.07
-9.59,-1.17,2.22
-9.56,-1.11,2.20
-9.68,-1.00,2.32
-9.61,-1.16,2.39
-9.63,-1.05,2.28
-9.62,-1.18,2.11
-9.46,-1.17,2.29
-9.49,-1.20,2.34
-9.61,-1.05,2.36
-9.61,-1.10,2.38
-9.61,-1.12,2.33
-9.58,-1.06,2.12
-9.59,-1.17,2.21
-9.58,-1.14,2.19
-9.64,-1.13,2.16
-9.63,-1.13,2.19
-9.63,-1.13,2.27
-9.55,-1.14,2.22
-9.57,-1.15,2.15
-9.60,-1.16,2.18
-9.61,-1.20,2.08
-9.61,-1.21,2.11
-9.62,-1.15,2.09
-9.58,-1.22,2.11
-9.60,-1.16,2.01
-9.62,-1.16,2.03
-9.65,-1.13,2.09
-9.63,-1.07,1.97
-9.71,-1.21,2.23
-9.63,-1.12,2.06
-9.75,-1.12,2.37
-9.62,-1.26,1.96
-9.53,-1.35,1.93
-9.62,-1.28,2.24
-9.59,-1.20,2.25
-9.56,-1.20,2.38
-9.51,-1.16,2.12
-9.63,-1.16,2.35
-9.59,-1.11,2.31
-9.53,-1.22,2.28
-9.54,-1.13,2.27
-9.61,-1.02,2.66
-9.50,-0.93,2.13
-9.64,-0.94,2.43
-9.59,-1.01,2.20
-9.62,-1.05,2.06
-9.61,-1.11,2.16
-9.60,-1.03,2.09
-9.50,-1.12,2.11
-9.73,-1.13,2.31
-9.54,-1.05,2.25
-9.64,-1.07,2.16
-9.58,-1.14,2.11
-9.81,-0.94,2.45
-9.52,-1.20,2.06
-9.50,-1.25,1.58
-9.59,-1.31,2.04
-9.56,-1.19,2.09
-9.64,-1.19,2.26
-9.56,-1.18,2.25
-9.49,-1.19,2.19
-9.63,-1.08,2.39
-9.50,-0.96,2.38
-9.59,-1.09,2.22
-9.67,-1.03,2.28
-10.27,-2.02,0.52
-9.16,-2.00,4.89
-8.96,-0.60,2.65
-9.13,-2.24,4.66
-8.64,-1.48,5.74
-7.68,-0.93,6.66
-6.64,-0.02,8.59
-4.65,0.62,9.51
-2.63,0.18,8.28
-0.72,0.45,8.69
0.46,-0.01,9.12
1.36,-0.37,8.66
1.52,-1.26,9.13
1.67,-2.40,9.09
1.66,-3.89,8.67
0.75,-5.30,6.89
0.36,-7.47,6.11
1.11,-5.56,8.44
2.16,-3.54,8.59
2.39,-2.78,8.52
2.43,-2.34,8.28
2.45,-1.32,8.98
2.62,-0.64,9.02
2.41,-0.05,9.33
1.61,1.00,9.25
1.51,1.66,9.23
0.51,2.59,8.98
-0.33,2.56,8.75
-1.97,2.40,7.89
-2.66,3.82,9.13
-3.00,3.40,9.76
-4.01,1.32,8.36
-4.96,0.10,8.93
-6.13,-1.79,8.31
-5.50,-2.21,7.76
-5.97,-2.19,3.64
-8.37,-3.64,3.55
-8.69,-2.87,2.50
-8.57,-2.65,3.27
-10.01,-2.24,1.28
-9.68,-2.43,2.83
-10.16,-1.86,2.26
-9.77,-0.94,0.80
-9.87,-1.28,2.00
-10.24,-0.90,1.28
-10.53,-0.93,0.95
-9.83,-0.88,1.37
-9.77,-0.62,0.56
-10.31,-0.84,0.82
-10.08,-0.99,0.86
-9.88,-1.02,0.32
-9.92,-0.94,0.32
-9.80,-1.13,0.34
-9.85,-1.44,0.49
-9.95,-1.39,0.44
-9.62,-1.44,0.47
-9.92,-1.44,0.71
-9.94,-1.47,0.64
-9.92,-1.27,0.77
-9.95,-1.14,0.75
-9.96,-0.47,0.23
-9.66,-0.88,0.60
-10.08,-0.82,0.93
-9.87,-0.41,0.64
-9.94,-0.46,0.79
-10.22,-0.71,0.88
-9.88,-0.81,0.87
-9.84,-0.94,0.65
-9.92,-1.12,0.46
-10.31,-1.33,0.64
-10.25,-1.47,0.36
-9.93,-1.88,0.16
-9.91,-1.84,-0.08
-9.78,-1.68,-0.09
-10.00,-2.14,-0.28
-10.03,-2.13,-0.50
-9.78,-2.13,-0.61
-9.61,-2.35,-0.51
-9.42,-2.30,-0.84
-9.12,-2.59,-0.32
-9.41,-2.56,-0.80
-9.67,-2.67,-0.69
-9.36,-2.87,-0.80
-9.56,-3.07,-0.26
-9.29,-3.04,0.01
-9.33,-2.97,0.21
-9.69,-2.82,0.34
-9.64,-2.87,0.17
-9.90,-2.95,0.70
-9.92,-2.95,0.77
-9.12,-2.72,1.30
-9.57,-2.80,1.16
-10.42,-2.85,0.76
-9.12,-3.00,0.44
-9.47,-2.98,0.87
-9.39,-3.21,0.97
-9.52,-2.69,0.41
-9.27,-2.81,0.82
-9.55,-2.73,0.71
-9.79,-2.62,0.51
-9.93,-2.69,0.54
-9.73,-2.53,0.78
-9.64,-2.51,0.56
-9.67,-2.62,0.59
-9.63,-2.57,0.61
-9.63,-2.65,0.53
-9.55,-2.83,0.83
-9.61,-2.76,0.75
-9.54,-2.78,0.72
-9.68,-2.75,0.67
-9.64,-2.70,0.70
-9.70,-2.64,0.58
-9.77,-2.69,0.36
-9.71,-2.72,0.25
-9.55,-2.77,0.55
-9.41,-2.96,0.87
-9.50,-3.04,0.57
-9.42,-2.90,0.34
-9.36,-3.01,0.22
-9.39,-2.98,0.10
-9.45,-2.91,0.28
-8.91,-2.91,0.85
-9.44,-2.79,0.34
-9.65,-2.50,0.74
-9.98,-1.95,0.69
-9.89,-2.10,1.42
-9.72,-1.85,1.08
-9.64,-1.87,1.20
-9.51,-2.10,1.44
-9.73,-2.02,1.40
-9.84,-1.68,0.96
-9.68,-2.00,1.28
-9.75,-1.82,1.18
-9.76,-1.76,1.28
-9.86,-1.99,1.49
-9.77,-1.93,1.27
-9.67,-2.03,1.54
-9.61,-2.13,1.76
-9.54,-2.25,2.17
-9.71,-2.21,2.07
-9.37,-2.28,2.49
-8.98,-2.20,2.32
-9.44,-1.95,2.31
-9.41,-2.29,2.40
-9.61,-2.40,2.57
-9.27,-2.16,2.30
-9.47,-2.16,2.07
-9.36,-2.12,2.07
-9.53,-2.08,2.29
-9.61,-1.96,1.75
-9.49,-1.80,1.91
-9.62,-1.88,1.89
-9.64,-1.86,1.80
-9.61,-1.95,2.03
-9.66,-1.91,1.81
-9.48,-2.01,2.14
-9.57,-1.89,1.97
-9.47,-1.91,2.11
-9.45,-1.94,2.23
-9.49,-1.89,2.20
-9.42,-1.91,2.27
-9.44,-1.85,2.40
-9.48,-1.90,2.40
-9.43,-1.96,2.60
-9.43,-1.76,2.62
-9.42,-1.80,2.62
-9.26,-1.81,2.49
-9.43,-1.83,2.62
-9.21,-1.89,2.74
-9.35,-1.78,2.51
-9.31,-1.98,2.44
-9.53,-1.76,2.34
-9.58,-1.78,2.23
-9.51,-1.91,2.15
-9.53,-1.43,2.02
-9.48,-1.74,2.48
-9.65,-1.67,1.86
-9.49,-1.70,2.26
-9.51,-1.64,2.43
-9.42,-1.69,2.31
-9.52,-1.53,2.34
-9.61,-1.46,2.19
-9.59,-1.55,2.39
-9.54,-1.60,2.38
-9.51,-1.70,2.51
-9.51,-1.71,2.44
-9.46,-1.71,2.34
-9.44,-1.74,2.42
-9.40,-1.76,2.29
-9.48,-1.73,2.29
-9.50,-1.75,2.40
-9.43,-1.76,2.59
-9.36,-1.83,2.69
-9.51,-1.79,2.54
-9.27,-1.88,2.60
-9.45,-1.90,2.68
-9.53,-1.85,2.63
-9.39,-1.88,2.74
-9.62,-1.82,2.57
-9.31,-1.79,2.34
-9.25,-1.83,2.34
-9.30,-1.79,2.47
-9.46,-1.93,2.46
-9.39,-1.78,2.41
-9.33,-1.73,2.55
-9.54,-1.67,2.25
-9.54,-1.66,2.48
-9.44,-1.59,2.49
-9.42,-1.63,2.58
-9.49,-1.61,2.40
-9.47,-1.64,2.42
-9.45,-1.70,2.43
-9.53,-1.65,2.48
-9.46,-1.56,2.58
-9.47,-1.47,2.42
-9.38,-1.69,2.52
-9.56,-1.66,2.36
-9.27,-1.63,2.45
-9.43,-1.65,2.37
-9.40,-1.78,2.27
-9.43,-1.78,2.44
-9.35,-1.71,2.38
-9.45,-1.80,2.52
-9.42,-1.70,2.42
-9.51,-1.66,2.40
-9.53,-1.65,2.46
-9.38,-1.76,2.40
-9.52,-1.64,2.37
-9.44,-1.79,2.50
-9.48,-1.67,2.37
-9.50,-1.65,2.43
-9.56,-1.72,2.50
-9.38,-1.69,2.47
-9.46,-1.72,2.58
-9.47,-1.69,2.52
-9.47,-1.73,2.68
-9.43,-1.68,2.72
-9.50,-1.80,2.95
-9.31,-1.77,3.08
-9.21,-1.71,3.12
-9.28,-1.75,2.99
-9.28,-1.82,3.18
-8.88,-1.68,3.23
-8.89,-1.55,3.10
-9.39,-1.76,3.19
-9.17,-1.76,2.96
-9.58,-1.88,3.32
-9.23,-1.63,2.76
-9.16,-1.79,2.62
-9.41,-2.04,2.89
-9.24,-2.10,2.73
-9.23,-2.11,2.46
-9.45,-2.10,2.75
-9.34,-2.08,2.65
-9.37,-1.92,2.60
-9.16,-2.31,2.68
-9.40,-1.85,2.61
-9.23,-1.79,2.56
-9.33,-1.61,2.66
-9.75,-2.05,2.14
-9.18,-1.57,2.79
-9.39,-1.98,3.21
-9.43,-1.87,2.50
-9.35,-1.60,2.72
-9.46,-1.92,2.97
-9.42,-1.61,2.69
-9.32,-1.78,2.84
-9.34,-1.65,2.95
-9.31,-1.71,2.81
-9.29,-1.77,2.86
-9.34,-1.70,2.90
-9.30,-1.74,2.62
-9.36,-1.70,2.60
-9.30,-1.73,2.58
-9.35,-1.85,2.87
-9.36,-1.92,2.84
-9.42,-1.73,2.72
-9.31,-1.82,2.79
-9.39,-1.90,2.95
-9.33,-1.87,2.92
-9.02,-1.93,2.76
-9.20,-2.14,2.71
-9.23,-1.91,2.87
-9.01,-2.00,2.79
-9.32,-1.91,2.77
-9.38,-1.92,2.83
-9.36,-2.00,2.76
-9.27,-2.03,2.52
-9.38,-2.25,2.44
-9.22,-2.25,2.18
-9.48,-2.19,2.50
-9.09,-2.45,2.41
-9.37,-2.37,2.22
-9.05,-2.28,2.14
-9.28,-2.34,2.62
-9.20,-2.26,2.57
-9.57,-2.05,2.32
-9.47,-2.09,2.11
-9.90,-1.90,1.83
-9.59,-1.83,1.96
-9.53,-1.97,2.09
-9.48,-1.92,2.01
-9.55,-1.86,1.71
-9.69,-1.80,1.80
-9.68,-1.87,1.69
-9.68,-1.59,1.58
-9.57,-2.17,2.24
-9.44,-1.64,1.82
-9.58,-1.96,1.67
-9.52,-1.78,1.85
-9.60,-1.95,2.04
-9.51,-1.86,2.08
-9.41,-1.97,1.55
-9.64,-1.75,1.84
-9.91,-2.07,1.35
-9.79,-2.05,1.46
-9.04,-2.27,1.38
-9.13,-2.55,0.93
-9.58,-2.98,0.46
-9.78,-2.63,0.68
-9.32,-2.25,0.37
-9.70,-1.68,0.62
-9.57,-1.42,0.89
-10.07,-1.15,1.48
-9.99,-0.85,1.74
-10.30,-0.69,1.25
-10.11,-0.86,1.45
-9.96,-0.29,1.85
-10.02,-0.32,1.28
-9.41,-0.22,1.86
-9.67,-0.08,1.99
-9.94,-0.52,1.62
-10.26,-0.66,1.41
-10.45,-1.11,1.53
-10.14,-1.25,1.67
-9.56,-1.53,1.39
-9.12,-1.91,1.58
-8.94,-2.45,1.46
-8.97,-2.87,1.38
-9.45,-3.44,2.17
-9.46,-2.78,2.09
-8.95,-2.22,1.08
-9.73,-3.15,-0.17
-9.62,-2.42,1.07
-9.70,-2.33,1.86
-9.60,-2.17,1.25
-9.85,-1.78,1.35
-9.82,-1.70,1.74
-9.35,-1.35,1.66
-9.87,-1.46,1.26
-9.73,-1.32,1.46
-9.81,-1.25,1.60
-9.66,-1.39,1.20
-9.77,-1.01,1.77
-9.65,-1.14,2.04
-9.51,-1.22,1.92
-9.68,-1.13,2.17
-9.53,-1.14,2.31
-9.58,-1.14,2.25
-9.65,-1.43,1.93
-9.52,-1.29,2.10
-9.58,-1.29,2.00
-9.79,-1.17,2.05
-9.70,-1.24,2.13
-9.83,-0.90,2.36
-9.40,-1.34,2.17
-9.47,-1.54,1.32
-9.84,-0.80,2.00
-10.09,-1.77,1.17
-9.53,-0.97,1.86
-9.64,-1.35,1.72
-9.69,-1.21,1.34
-9.78,-1.28,1.38
-9.64,-1.34,1.65
-9.62,-1.14,1.86
-9.71,-1.14,1.99
-9.71,-1.08,1.64
-9.76,-1.17,1.46
-9.69,-1.20,1.61
-9.71,-1.15,1.78
-9.70,-1.18,1.55
-9.71,-1.19,1.74
-9.77,-1.19,1.71
-9.69,-1.14,1.76
-9.67,-1.24,1.77
-9.68,-1.23,1.83
-9.73,-1.22,1.81
-9.65,-1.19,1.71
-9.73,-1.21,1.80
-9.67,-1.17,1.73
-9.72,-1.17,1.78
-9.65,-1.19,1.59
-9.72,-1.20,1.73
-9.69,-1.16,1.70
-9.47,-1.29,1.88
-9.99,-1.02,2.06
-10.58,-0.07,2.14
-9.34,-0.91,0.76
-9.80,-1.11,1.10
-9.81,-0.86,1.59
-9.71,-0.86,1.88
-9.78,-0.91,0.88
-9.81,-1.09,1.07
-9.67,-1.08,1.20
-9.94,-0.98,1.47
-9.78,-0.83,1.52
-9.59,-1.18,1.46
-9.55,-1.35,1.89
-9.57,-1.24,2.02
-9.60,-1.12,2.24
-9.61,-1.10,2.13
-9.70,-1.04,2.05
-9.70,-1.04,1.93
-9.68,-1.08,1.97
-9.64,-1.12,1.75
-9.69,-1.06,1.80
-9.64,-0.96,1.82
-9.65,-1.21,1.94
-9.71,-1.14,1.88
-9.58,-1.22,2.13
-9.46,-1.28,2.04
-9.68,-1.28,2.14
-9.62,-1.24,2.31
-9.65,-1.36,1.99
-9.48,-1.36,2.02
-9.41,-1.48,2.49
-9.42,-1.71,2.47
-9.63,-1.62,1.68
-9.58,-1.69,1.54
-9.63,-1.96,1.48
-9.51,-1.68,1.64
-9.62,-1.56,1.30
-9.74,-1.61,1.70
-9.89,-1.47,1.70
-9.72,-1.33,1.53
-9.71,-1.21,1.56
-9.55,-1.63,1.50
-9.62,-1.55,1.71
-9.70,-1.61,1.26
-9.86,-1.42,1.69
-9.94,-1.50,1.70
-10.04,-1.28,1.17
-9.66,-1.63,0.99
-9.65,-1.64,-0.13
-10.03,-1.92,0.85
-9.90,-1.55,0.31
-10.24,-2.19,1.29
-12.58,-4.73,-4.40
-8.34,0.03,2.99
-5.15,-4.67,7.94
-3.47,-1.03,8.85
-3.56,0.57,8.46
-3.38,0.14,9.34
-3.77,0.80,7.46
-5.18,0.65,5.67
-4.52,-2.44,9.11
-7.21,-1.33,5.72
-8.64,-2.34,5.47
-9.26,-3.07,4.45
-9.12,-0.98,1.26
-9.36,-0.88,2.27
-9.54,-1.28,3.91
-9.07,-0.83,3.36
-9.74,-0.71,3.39
-9.14,-0.81,3.90
-9.33,-0.65,3.05
-9.32,-0.78,2.62
-9.27,-0.88,2.89
-9.27,-0.89,2.22
-9.93,-0.91,2.48
-9.39,-1.00,2.38
-9.50,-1.02,2.82
-9.38,-0.97,2.57
-9.34,-1.35,2.50
-9.58,-1.08,2.47
-9.56,-1.20,2.17
-9.61,-1.11,2.44
-9.58,-1.25,2.27
-9.69,-1.32,2.48
-9.61,-1.28,2.31
-9.51,-1.39,1.91
-9.52,-1.55,2.04
-9.52,-1.56,2.05
-9.59,-1.43,1.97
-9.61,-1.30,2.04
-9.61,-1.33,2.17
-9.56,-1.30,2.17
-9.65,-1.29,2.11
-9.55,-1.28,2.20
-9.58,-1.31,2.12
-9.54,-1.28,2.10
-9.58,-1.32,2.09
-9.61,-1.31,2.11
-9.61,-1.31,2.13
-9.59,-1.29,2.19
-9.58,-1.27,2.23
-9.56,-1.26,2.23
-9.55,-1.27,2.17
-9.61,-1.27,2.05
-9.68,-1.25,2.07
-9.62,-1.28,2.13
-9.58,-1.26,2.17
-9.63,-1.25,2.18
-9.64,-1.25,2.21
-9.58,-1.30,2.15
-9.62,-1.22,2.16
-9.66,-1.27,2.24
-9.59,-1.18,2.18
-9.64,-1.24,2.20
-9.57,-1.24,2.08
-9.66,-1.20,2.09
-9.58,-1.35,2.21
-9.58,-1.29,2.05
-9.54,-1.27,2.10
-9.57,-1.28,2.17
-9.55,-1.32,2.17
-9.61,-1.18,2.21
-9.66,-1.31,1.97
-9.56,-1.21,2.03
-9.65,-1.20,2.18
-9.69,-1.23,1.98
-9.65,-1.35,1.85
-9.55,-1.29,2.12
-9.60,-1.30,2.11
-9.57,-1.28,2.06
-9.55,-1.32,2.02
-9.63,-1.22,2.02
-9.61,-1.19,2.11
-9.62,-1.22,2.13
-9.63,-1.22,2.21
-9.62,-1.29,2.11
-9.64,-1.21,2.12
-9.63,-1.18,2.10
-9.65,-1.20,2.08
-9.84,-0.99,1.76
-9.63,-1.18,2.14
