gX,gY,gZ 
-0.37,2.01,2.01
-5.07,3.85,3.85
-18.86,3.54,27.16
-10.68,-4.70,23.07
-80.02,9.64,51.70
113.46,-15.01,-58.72
127.26,-9.77,-419.80
189.58,448.24,273.74
516.72,287.84,528.69
153.44,363.04,-774.6
-100.89,312.44,-534.
-114.32,583.98,29.05
478.70,558.29,357.48
991.03,336.91,-0.31
-2.32,358.64,-592.59
162.41,333.74,-371.3
205.44,589.29,-214.9
-312.32,-336.12,423.
78.12,-80.93,359.68
52.37,-10.74,390.01
178.89,-3.23,214.97
407.84,541.50,-27.95
-94.06,122.38,-407.2
-353.70,357.67,-213.
-96.92,309.08,-142.7
143.13,410.46,354.98
219.79,33.14,397.40
547.67,274.17,129.39
309.14,253.78,-109.5
41.02,200.50,-497.19
-35.03,232.73,-148.2
-71.66,445.01,97.41
-92.22,392.21,192.81
99.37,-25.70,312.13
648.80,177.80,-217.3
1.83,-16.78,-10.31
-187.01,-43.40,20.39
-145.32,17.40,14.95
-10.74,-8.06,3.05
9.58,-3.17,-0.49
412.90,308.47,105.96
-206.30,-201.17,-33.
404.54,304.32,107.79
20.14,154.11,84.11
-710.21,-579.41,-240
454.10,536.62,135.74
-158.87,-333.74,-118
-731.08,-516.42,-104
227.17,96.92,-242.25
2.26,53.71,-41.08
-4.21,2.75,0.55
3.05,-0.31,-1.59
4.58,-0.79,-2.69
0.43,-2.38,-4.33
-4.03,-2.14,-2.62
-2.87,-1.34,-2.81
-4.03,-0.55,-1.16
-2.50,0.24,-0.37
-0.43,-2.01,0.61
4.70,-2.81,1.34
2.14,-1.83,-0.49
-1.77,-3.85,-2.99
-0.73,-4.15,-2.93
-3.54,-3.97,-5.00
0.37,-3.48,-3.66
1.04,-4.27,-4.09
0.00,-3.91,-4.76
-3.72,-0.37,-6.23
0.24,-1.04,-2.14
0.37,0.55,-1.10
-4.58,1.40,1.04
-8.18,-3.36,-4.27
-5.74,1.16,-4.46
-8.67,3.72,-2.81
-6.90,-0.92,2.38
-14.89,-1.77,-3.17
2.99,-3.30,-3.85
0.00,-1.40,-4.33
-3.42,1.40,-4.70
-8.67,6.10,-2.50
-7.51,3.78,0.12
0.67,2.75,0.73
1.65,1.53,1.46
3.72,-0.06,1.22
-0.31,0.61,0.79
0.92,1.22,1.40
-2.32,2.20,1.22
0.12,1.10,0.98
-1.34,1.71,1.04
-0.79,1.71,0.37
0.67,1.16,0.31
3.17,-0.43,0.31
3.11,0.06,1.65
-3.85,-0.37,-1.46
5.25,0.18,0.55
2.32,-0.06,1.71
2.99,1.71,0.49
3.66,1.40,2.20
2.08,1.34,0.85
1.65,1.53,0.79
1.34,0.67,1.34
-0.24,1.46,0.92
0.61,0.61,0.55
-0.98,1.10,0.43
0.12,0.73,0.06
0.18,1.34,0.79
-0.06,1.22,0.61
-0.37,1.04,-0.24
-0.24,1.65,0.06
-0.18,1.34,0.67
-0.31,1.59,0.49
-0.31,1.16,0.49
-0.92,1.04,0.31
-1.34,1.34,0.49
-0.55,1.16,0.37
1.10,0.79,0.24
-0.06,1.04,0.92
-1.04,1.28,0.79
0.31,1.34,1.22
1.10,0.73,0.79
0.55,0.92,0.55
2.56,0.55,0.31
3.05,-0.06,0.79
1.83,0.73,0.61
0.49,1.10,0.31
0.43,1.16,0.43
1.10,0.85,0.49
1.71,0.79,0.24
-0.43,1.22,0.43
0.67,0.00,0.37
-2.75,0.61,-1.53
3.36,0.12,0.79
3.11,1.16,2.14
5.68,-0.37,2.75
3.30,0.85,2.14
3.91,-1.34,0.18
-0.55,-1.77,-0.67
5.25,-1.28,0.43
13.37,-2.32,0.12
0.73,3.48,0.31
2.75,0.49,0.85
2.69,0.67,0.92
-1.46,-0.98,-2.62
-11.05,1.46,-3.36
-3.85,0.79,-1.59
2.93,-0.49,-3.60
-5.07,4.76,1.89
-7.69,2.69,1.40
-1.53,0.79,-1.77
-2.38,1.71,-0.98
2.93,0.06,0.79
0.24,0.31,0.73
2.69,-0.18,0.98
2.75,0.67,1.10
1.22,0.43,0.18
1.71,0.67,0.67
2.14,0.67,0.00
1.22,0.73,-0.43
2.38,0.31,-0.06
1.34,0.73,0.85
1.28,0.61,1.10
-0.49,1.04,0.31
-1.40,1.34,0.37
-0.12,0.73,-0.06
-2.32,1.34,0.31
-1.34,1.10,0.79
-2.08,0.67,0.73
0.31,0.55,1.04
-2.08,1.71,-0.43
1.65,1.40,-0.06
0.55,2.14,-0.73
3.91,-0.43,-0.31
3.17,3.36,3.23
3.78,-1.53,-1.89
10.86,-1.95,2.14
-5.49,-0.43,-3.30
-4.70,3.72,0.85
3.42,-2.38,-1.59
-0.43,-1.71,0.24
-8.54,-0.85,-1.22
-5.68,0.31,-0.49
-3.36,1.34,-0.24
0.92,1.83,2.87
-1.16,0.73,0.55
0.98,0.85,0.49
0.61,1.77,2.14
0.92,-1.10,-0.85
0.67,1.28,-2.38
-0.18,2.38,-2.56
2.26,1.95,0.55
-10.86,4.52,-0.49
-0.43,2.87,-0.79
5.49,3.85,2.20
-1.04,3.66,0.06
2.14,0.43,1.04
-1.46,1.04,-0.61
-2.87,2.01,0.67
2.20,1.46,0.00
0.98,0.24,-0.61
2.32,-1.46,-1.16
-4.52,2.75,1.89
-3.54,2.26,1.65
2.87,2.69,0.31
4.76,0.18,1.46
6.10,0.18,0.73
4.64,-1.89,2.01
-1.65,1.65,0.85
-0.31,1.83,-0.24
4.03,0.37,2.26
-2.44,2.38,0.43
-13.43,2.87,-2.62
-4.33,2.44,-1.22
-1.95,0.24,-1.16
0.43,-2.32,-0.98
1.59,0.98,2.44
2.87,-0.06,2.38
2.20,1.22,1.77
4.46,1.59,2.01
4.46,3.72,4.76
-4.82,1.34,-0.67
-0.37,1.77,-0.18
2.01,0.43,1.10
6.35,0.00,1.40
2.14,2.50,2.69
1.83,0.37,0.37
-1.83,0.92,-0.67
-5.68,3.72,0.43
-4.94,2.44,-1.34
-1.34,1.59,-0.67
2.81,0.43,0.31
1.53,0.49,0.67
1.59,0.06,0.92
-1.83,1.28,1.28
-2.08,1.28,-0.85
-0.31,1.71,1.22
2.38,0.12,0.79
2.14,1.10,0.79
2.75,0.55,0.67
1.89,0.79,0.79
-0.61,1.46,0.00
-1.77,2.44,0.06
3.54,0.31,1.40
-4.76,3.05,2.14
-6.53,3.97,-2.01
-5.25,3.91,-1.34
-11.23,5.13,-3.11
-11.78,5.37,-0.37
-10.07,5.00,-3.85
9.52,-1.16,3.78
-8.73,3.85,-3.78
7.14,-0.43,4.03
-2.81,3.66,0.24
-4.58,2.08,-4.03
7.32,0.43,5.37
-2.87,3.48,2.69
18.43,-4.64,2.38
24.41,0.85,12.82
37.48,4.58,12.08
15.08,9.77,9.58
27.22,4.39,6.41
22.46,3.54,6.35
13.61,-2.14,3.23
4.15,-1.46,-3.11
-4.09,1.83,-0.85
-1.40,2.32,-0.37
-3.30,5.25,-2.01
-18.07,0.06,1.28
-4.21,-1.16,7.63
-1.34,-0.37,-6.47
-10.38,0.98,-7.32
-13.18,0.67,-3.78
-12.63,4.46,6.29
-14.71,2.26,3.54
-3.91,-2.44,1.95
-2.62,-3.85,-3.11
-8.97,-1.16,-4.70
-4.88,0.49,-0.24
-2.56,-0.85,1.53
-13.24,0.43,0.67
-10.01,-0.73,-2.20
-13.85,3.66,-1.77
-1.10,0.67,1.28
5.62,1.95,-3.54
-8.61,2.62,0.00
0.55,-2.32,-2.01
-1.46,0.55,-8.18
-4.70,4.76,-5.07
-5.49,2.14,-6.53
1.59,0.67,5.80
3.91,-3.05,7.87
18.31,-4.39,3.54
7.93,-2.01,2.99
-2.44,1.40,-3.11
-2.93,4.27,-1.59
7.93,0.92,5.62
6.16,-0.98,-4.15
7.75,2.08,2.26
-0.06,0.61,1.95
-1.22,-1.28,-7.08
-0.73,4.21,2.08
4.09,0.18,3.42
-1.65,2.38,-5.31
-0.31,2.26,6.16
-6.77,0.98,-0.79
-2.75,-0.98,-6.47
-0.73,2.26,3.17
0.43,0.85,1.65
-0.98,0.73,-4.39
-1.95,2.32,0.31
5.68,-1.16,4.46
3.05,-0.49,-4.33
-1.83,2.32,2.38
3.23,-0.49,4.58
-1.77,0.06,-6.65
-7.93,4.52,2.32
0.18,1.28,2.75
-2.44,1.22,-5.86
-8.24,4.21,4.64
1.10,0.92,0.61
-1.53,1.53,-4.94
-4.09,2.01,4.82
0.98,0.12,1.77
-3.54,0.18,-4.82
-4.33,2.87,5.80
5.98,-1.46,0.85
0.85,0.85,-4.09
1.83,1.22,6.84
2.26,0.67,-0.31
-4.94,1.95,-4.09
1.77,1.71,5.74
1.89,0.31,-1.04
-1.65,0.37,-4.09
-4.27,3.17,7.08
1.59,0.24,-0.55
-3.85,1.95,-5.37
-5.49,4.58,5.37
-0.37,2.32,-1.71
3.42,0.31,-4.46
4.27,-1.59,5.07
1.53,-0.92,-3.72
-1.40,0.61,0.00
4.52,-0.12,6.84
2.56,0.49,-1.77
-2.20,1.77,-3.85
4.64,-0.18,5.31
0.85,0.61,0.55
0.61,0.73,-4.15
4.88,-1.22,4.27
3.11,-0.98,-1.46
-0.43,-0.37,-4.33
1.10,1.22,5.74
1.16,-0.12,-2.20
0.43,2.08,1.71
0.24,1.34,5.25
4.27,-1.59,-1.46
1.65,0.31,-2.26
-1.59,2.81,5.19
1.65,-0.24,-0.92
-0.31,0.31,-4.09
-4.39,2.99,5.55
3.05,-0.31,0.79
-0.43,-1.34,-4.33
-3.05,1.34,-1.65
6.10,-0.37,4.82
2.20,-1.28,-2.87
-0.18,0.18,-3.78
-3.17,3.23,5.00
3.54,0.31,3.17
-0.12,0.18,-1.04
-0.73,-0.18,-4.46
5.37,0.31,4.58
1.16,0.37,-1.71
-0.67,0.79,-2.75
3.60,1.28,5.92
6.10,-0.92,-0.12
-1.40,0.37,-3.36
5.13,0.24,8.12
3.66,0.12,1.71
-2.50,1.46,-1.95
-0.98,3.17,7.75
2.20,0.31,0.67
-1.16,1.46,-4.33
-5.68,4.21,5.19
2.87,0.61,1.04
0.12,0.00,-4.76
-3.78,3.97,5.86
2.14,0.18,0.79
-4.46,1.77,-3.17
1.59,0.98,4.94
0.92,0.55,-2.26
-1.71,1.40,-1.59
5.31,0.00,4.33
1.53,0.31,-2.69
-1.59,1.83,0.00
0.79,1.83,1.83
0.37,0.31,-3.48
-3.97,2.62,4.46
1.53,0.24,0.67
0.92,1.04,-2.32
-2.87,2.75,3.05
3.23,-0.06,1.10
-1.71,0.92,-4.15
-2.44,2.81,3.42
-1.34,0.61,0.00
-0.49,0.55,-3.11
-3.42,2.14,2.81
2.50,0.73,1.10
2.69,-0.24,-0.92
-1.65,1.10,-3.30
3.30,0.12,3.23
2.56,-0.55,-2.38
-6.47,8.73,-0.67
-90.21,27.83,-9.58
-89.97,25.09,-9.34
-63.42,16.66,7.26
-24.72,0.12,25.51
-21.85,-2.08,25.94
-9.52,7.14,-0.73
-29.11,12.88,-30.88
-37.17,15.56,-60.67
-37.17,7.26,-121.77
-28.14,-17.46,-125.6
-14.83,-38.45,-116.3
34.79,-58.11,-105.96
28.87,-63.96,-81.67
60.55,-55.85,-45.35
35.40,-60.79,-24.84
19.71,-53.59,-21.67
4.76,-50.23,-37.54
0.79,-17.64,-26.98
-38.09,58.65,33.57
-38.70,105.41,42.79
-28.44,101.81,41.20
-34.91,85.08,37.78
-29.85,69.58,40.89
-82.64,62.50,81.18
-39.79,55.73,78.31
-16.36,6.16,26.49
37.66,-35.10,-37.29
53.71,-60.61,-80.87
51.15,-70.37,-94.85
0.31,-84.23,-92.41
1.40,-107.42,-54.20
14.65,-92.35,-33.87
35.64,-67.57,-19.23
18.49,-21.67,1.71
-27.22,46.20,29.91
-31.80,97.23,54.38
-1.59,110.66,53.16
8.73,85.94,62.68
-18.62,56.34,46.51
-23.86,30.15,76.23
-49.80,12.21,78.55
-12.33,-5.13,59.02
-4.52,-1.53,16.11
7.08,-19.59,-25.70
28.08,-29.11,-67.26
63.72,-30.33,-79.90
2.56,-55.66,-69.89
7.02,-88.07,-64.21
25.39,-88.81,-28.69
31.43,-72.02,-15.32
34.18,-64.70,-18.74
43.82,-34.30,-22.77
-21.55,75.56,54.32
-45.41,114.01,54.69
-46.33,111.45,36.38
-34.00,81.60,38.57
-42.91,64.82,46.69
-65.98,42.79,46.20
-23.62,32.65,57.25
-21.73,1.40,23.44
27.28,-21.61,-5.55
40.47,-39.55,-47.49
33.20,-46.45,-43.27
30.40,-56.40,-48.83
35.77,-81.42,-66.83
31.62,-78.98,-36.56
34.61,-65.12,-32.17
36.99,-49.62,-19.41
6.47,12.57,11.23
-10.74,78.74,52.25
-47.73,105.77,68.60
-27.10,83.37,52.67
-35.46,54.93,45.84
-52.43,53.10,67.20
-61.65,36.07,58.59
-50.11,31.19,55.48
11.41,-6.96,14.65
40.53,-44.56,-44.68
55.66,-57.80,-70.98
34.91,-65.25,-70.74
16.05,-80.51,-51.76
23.99,-90.27,-36.25
51.27,-98.94,-32.10
48.16,-108.09,-20.87
-7.69,20.20,12.88
-60.06,103.64,58.47
-89.11,129.52,44.98
-39.92,100.89,26.49
-38.76,72.39,35.10
-43.40,67.32,47.73
-49.93,59.45,46.08
-25.51,48.40,45.72
18.25,9.28,33.14
35.28,2.62,11.96
34.00,15.01,30.46
-47.42,17.58,57.98
-11.72,16.05,72.69
17.52,20.69,28.56
26.37,19.23,4.76
63.66,4.94,-16.36
63.05,-25.51,-39.79
85.02,-60.06,-45.29
104.31,-62.62,-24.90
133.67,-69.52,-6.10
27.47,-43.03,64.39
5.98,-31.43,86.06
-17.76,-24.41,64.58
-44.86,-15.08,30.46
5.74,11.66,-4.58
-17.33,21.85,-17.52
-91.92,2.01,-137.70
130.62,-106.02,-151.
23.62,-47.73,-87.95
-30.58,35.83,70.56
-49.93,54.14,124.27
-84.53,63.29,152.04
-47.24,39.67,57.98
28.93,-62.62,-62.07
67.50,-77.21,-99.43
74.83,-98.63,-117.86
-0.67,-52.31,-43.76
-19.04,103.58,102.54
-66.10,106.51,120.36
-14.34,65.37,131.16
-45.35,14.83,59.33
16.91,-34.55,-24.66
78.74,-83.62,-94.18
55.54,-72.33,-105.22
27.77,-79.71,-68.73
-58.65,34.85,21.24
-11.47,86.85,107.18
-46.63,94.60,118.04
-67.75,96.56,97.78
-16.05,37.84,67.87
3.11,-52.55,-49.38
94.67,-96.19,-102.17
98.75,-78.86,-112.30
50.96,-82.21,-66.89
-61.22,35.64,13.55
62.07,110.41,92.65
33.45,92.10,113.83
2.99,61.83,138.55
-79.47,30.70,99.12
-31.62,-66.59,-41.81
9.09,-95.70,-99.00
52.19,-126.89,-130.3
-5.55,-63.42,-135.07
-40.04,-47.85,-44.07
25.57,24.54,30.40
17.27,86.73,56.76
13.67,189.45,63.05
-1.89,207.95,52.37
-39.37,130.49,22.22
-25.02,36.13,-1.89
-72.02,11.72,-4.76
-37.84,-0.31,29.05
-71.35,33.57,29.72
-42.36,25.02,33.26
51.51,-29.48,-14.77
57.13,-58.41,-43.21
33.87,-68.36,-73.43
38.82,-109.19,-93.26
-8.06,-144.90,-79.83
-11.05,-133.00,-54.8
-76.42,-24.17,-0.55
-11.84,124.21,31.80
30.33,145.69,67.08
-41.20,148.62,65.43
-19.23,105.47,51.27
12.51,62.50,44.62
-92.47,59.14,46.88
1.10,28.99,57.13
-20.39,-5.62,-7.63
110.23,-18.31,-30.76
-22.52,-44.13,-89.05
26.92,-174.74,-100.7
63.48,-170.59,-85.82
-5.68,-119.75,-10.38
7.14,-30.64,35.89
1.22,42.36,1.34
-17.52,123.78,9.09
-73.43,148.13,57.19
-61.16,125.31,51.33
-39.92,81.85,41.99
-35.58,67.63,66.77
13.37,2.26,22.89
46.57,-49.80,-35.64
77.58,-98.51,-53.28
42.66,-169.25,-67.75
39.86,-144.96,-59.75
-30.88,-78.00,0.61
6.77,16.54,35.52
5.92,84.17,15.32
-32.17,124.27,38.27
-45.41,135.50,39.12
-13.92,100.34,12.51
-31.37,45.29,35.34
-34.24,56.09,71.96
-39.31,-9.70,0.37
60.61,-63.11,-40.10
22.16,-142.15,-64.88
5.86,-127.32,-25.51
44.68,-111.94,-1.53
25.82,-54.81,34.42
-39.79,48.22,10.31
17.76,116.09,24.84
-24.90,143.62,48.46
-48.22,104.92,53.83
-46.57,45.78,46.33
-25.15,25.45,39.12
24.05,-10.99,10.86
24.78,-8.54,12.70
-1.28,13.31,38.45
51.64,10.25,57.50
69.09,-14.71,50.11
158.02,-82.64,77.64
84.59,-75.62,17.64
-42.85,-26.61,-24.72
15.56,-35.40,-51.64
4.03,-21.79,9.03
-2.14,-4.70,13.92
13.79,10.07,-4.03
40.65,-0.31,8.30
3.72,-5.49,4.94
-1.89,2.14,1.53
30.88,-2.38,4.64
-63.66,8.54,-18.55
-64.58,4.39,-22.09
-52.12,29.66,-31.31
-62.62,45.72,-53.04
-30.27,44.07,-73.73
-19.04,22.71,-84.11
33.14,13.00,-77.70
6.90,15.81,-67.50
4.15,15.20,-60.97
15.62,10.19,-51.76
16.24,9.03,-42.54
-3.54,5.31,-8.91
-24.11,1.28,3.11
-6.41,2.93,0.73
-0.61,-0.49,0.06
2.50,1.04,0.06
-1.22,1.10,0.31
4.09,6.47,3.78
-7.39,7.87,2.75
-10.86,6.47,0.49
-1.34,2.38,-2.62
-5.62,-2.08,0.37
-7.81,-1.71,3.36
9.89,-2.75,0.85
-0.79,-0.61,-1.10
1.34,-2.99,-0.12
-5.13,14.53,-36.50
-94.42,35.10,-63.05
-38.15,-2.14,44.43
-18.25,49.68,169.68
37.41,22.77,159.67
38.02,8.12,58.29
113.65,-6.90,12.82
122.86,23.19,6.53
124.02,-33.51,24.35
42.60,-74.10,9.16
30.58,-42.42,-75.20
30.09,-8.54,-154.54
-0.79,18.80,-136.66
7.87,85.63,-85.27
-8.18,116.52,-33.94
9.40,110.84,-0.37
-31.07,94.06,43.64
-71.59,76.29,54.20
-37.35,57.92,34.67
-0.49,-44.56,-2.08
-42.36,-61.52,-9.58
39.92,-108.89,-8.00
41.75,-184.81,-35.71
31.19,-178.47,-40.22
-23.50,-138.98,23.74
-26.37,-61.89,73.55
-78.06,47.00,99.00
-125.31,128.78,55.42
-18.01,122.80,74.83
-132.20,153.81,90.76
-126.89,104.25,26.37
-78.98,15.56,-32.47
-28.63,0.49,-21.97
44.80,8.54,19.78
116.88,-20.94,60.85
129.52,-56.21,19.90
140.32,-61.28,-50.84
119.20,-97.60,-13.31
-16.85,24.84,11.72
-38.09,15.69,12.51
-126.83,51.70,5.68
-162.29,31.31,-48.71
-80.93,-6.41,-128.05
-18.49,-23.44,-125.5
85.69,-40.71,-105.96
79.83,-88.99,-108.40
91.86,-56.40,-118.90
-22.71,53.96,27.89
-65.73,101.20,66.41
-89.90,107.67,60.73
-116.39,113.95,41.69
-20.94,80.99,65.73
-3.72,28.99,48.34
42.48,-35.89,-28.02
53.83,-72.81,-72.45
23.50,-97.90,-86.06
28.26,-108.64,-69.27
39.31,-89.78,-42.42
21.42,-52.73,-16.48
-14.65,13.98,32.90
-44.25,80.63,37.84
-27.40,83.01,25.15
-2.26,93.02,27.83
-58.04,65.61,36.44
-14.83,42.36,34.12
7.81,-6.29,-23.86
67.69,-45.53,-27.95
41.81,-46.51,-45.96
78.12,-77.51,-49.50
78.98,-73.36,-44.62
-13.55,22.83,11.05
-63.23,60.79,52.61
-43.09,45.96,29.17
-12.63,40.95,6.04
-48.34,56.46,35.40
-54.32,68.30,115.54
1.16,57.98,143.62
-23.07,-20.63,22.34
-5.37,-34.79,-53.77
32.53,-40.10,-106.14
43.58,-58.41,-106.93
56.27,-70.98,-92.22
22.64,-94.24,-118.47
3.78,-110.11,-101.99
-51.03,-182.80,-9.52
-4.21,-210.88,64.15
-13.85,-123.05,50.66
27.77,42.05,-0.73
-78.37,170.35,-26.25
7.81,185.12,-23.13
7.14,177.19,29.17
11.90,129.82,74.46
-116.15,73.73,118.53
80.57,84.11,132.08
13.12,42.72,155.09
44.62,-19.17,97.72
10.31,-14.34,0.61
18.98,-1.28,-107.85
13.73,-17.52,-123.47
24.72,-54.20,-131.16
43.76,-69.95,-110.90
55.18,-65.31,-124.69
-3.72,-109.86,-138.0
-5.74,-130.98,-89.97
-4.58,-146.24,-37.11
-34.30,-187.01,-9.52
-47.49,-132.57,-11.5
-14.95,41.63,-4.46
-71.84,108.95,17.82
-69.40,141.36,-31.25
19.10,148.38,-16.54
114.81,173.65,50.48
22.09,128.85,118.59
-53.47,97.84,119.87
-52.19,60.97,90.76
-26.55,-9.64,67.69
35.46,9.22,75.62
-1.89,-12.57,2.01
10.38,-4.33,-94.79
10.38,-1.04,-96.07
-2.56,-31.49,-99.73
16.72,-67.02,-126.10
-3.11,-82.34,-105.96
5.74,-90.64,-88.01
29.91,-63.42,-41.26
25.15,-65.49,-38.33
38.88,-57.07,-0.79
-28.93,50.11,49.07
-46.57,90.88,55.05
-44.80,95.70,57.25
-55.73,94.24,63.11
-32.71,96.98,59.20
-19.90,80.75,70.80
-14.40,67.81,75.62
39.37,36.01,90.76
3.11,0.31,54.87
2.38,-22.46,-19.96
11.23,-35.40,-74.28
43.27,-54.57,-86.85
38.64,-69.09,-86.79
22.09,-107.91,-110.0
-4.82,-104.74,-97.23
-21.48,-122.38,-57.9
21.91,-144.04,-3.72
31.25,-161.62,25.51
50.54,-69.27,14.40
-0.67,68.60,22.22
-59.39,164.43,3.23
-21.48,154.48,16.36
-22.28,140.26,19.96
-34.00,135.99,8.30
3.42,101.20,61.40
-33.33,64.58,50.48
-50.29,34.73,55.66
4.46,22.95,62.56
11.05,-23.56,12.57
23.19,-48.77,-32.23
50.60,-67.75,-68.85
24.54,-78.12,-98.08
27.89,-89.42,-92.96
32.84,-79.59,-56.64
55.73,-68.97,-42.24
56.82,-70.50,2.26
-29.11,22.95,43.40
-78.43,83.86,66.35
-83.50,69.52,32.90
-73.24,59.94,11.41
-34.67,56.34,-2.32
-0.18,43.21,28.08
25.45,29.48,25.15
-63.29,8.91,27.95
12.39,11.23,13.43
77.03,-8.18,-23.38
61.16,-63.60,-76.42
54.75,-89.90,-87.65
16.72,-125.61,-73.24
47.18,-158.39,-15.99
12.02,-134.09,60.00
-23.25,24.90,40.47
-69.64,99.49,33.33
-94.18,115.36,3.23
-64.21,96.86,3.85
-15.69,77.76,1.59
-25.70,68.36,8.54
-20.63,57.43,45.65
-35.16,25.51,51.70
-32.84,6.71,36.80
15.32,-10.50,-1.59
31.86,-24.35,-39.92
61.16,-49.19,-73.24
20.87,-61.16,-80.26
19.96,-92.16,-75.87
17.58,-67.93,-35.89
44.37,-62.50,-17.27
-20.87,41.93,56.40
-90.94,88.44,41.20
-57.43,65.25,27.77
-77.33,68.85,12.82
-27.04,65.06,4.39
7.08,57.19,32.35
-16.91,35.16,60.61
-29.36,36.13,90.82
27.04,25.88,46.94
8.18,-18.37,-5.74
54.93,-33.75,-57.92
27.65,-42.18,-48.46
49.19,-62.87,-66.16
59.63,-51.94,-72.88
47.73,-44.92,-48.22
-8.91,15.69,0.98
-74.71,62.56,71.90
-30.58,58.84,45.29
-23.38,65.19,42.79
-23.80,41.20,44.37
-28.93,36.87,86.00
-18.01,13.49,55.73
6.04,-3.60,14.77
43.82,-16.60,-29.72
-1.95,-25.63,-50.11
54.63,-59.27,-53.41
38.21,-67.93,-65.25
0.92,-110.84,-34.85
47.67,-82.82,-42.97
41.75,-47.30,28.26
-36.32,56.46,32.53
-99.79,118.35,72.33
-102.29,79.77,34.42
-44.25,35.89,-10.62
-3.11,21.12,19.17
-63.42,42.60,53.83
112.30,54.32,147.28
120.79,14.71,137.21
150.82,-49.19,56.58
154.91,-35.71,-38.57
141.85,-4.82,-23.93
39.43,-3.85,-11.78
-132.45,-20.87,-25.0
-72.45,23.68,-9.46
-5.37,16.54,79.90
72.51,-28.32,62.93
41.63,9.16,-39.00
-52.43,6.59,-6.23
-20.08,-17.82,-12.08
10.31,10.86,-1.89
-7.20,19.84,18.62
-3.42,-19.96,18.43
-6.96,11.35,-8.79
-93.44,23.68,-12.02
-173.89,-78.61,-240.
395.08,-141.30,-129.
55.97,93.63,4.39
-218.63,119.69,-81.9
299.44,-150.51,-3.17
-10.93,89.29,50.35
-214.29,91.74,22.52
97.11,-209.90,33.51
51.21,-33.57,-33.08
-26.06,135.07,42.36
61.34,-135.25,15.75
-41.93,41.02,85.39
-163.70,57.37,-41.20
282.17,-195.86,-51.3
-53.71,149.05,70.01
-82.28,-18.25,-16.54
215.64,-206.91,-89.2
-0.06,126.28,56.82
-179.14,32.41,-39.67
286.44,-214.17,-92.2
-169.31,196.23,68.24
34.24,-166.56,-1.65
285.46,-231.45,-86.9
-90.09,87.04,93.87
-91.74,-42.85,-44.01
262.57,-202.27,-39.6
-44.07,142.88,24.90
-195.01,183.23,-10.5
79.10,-137.63,-2.50
85.51,-20.26,32.65
-233.76,170.10,-26.0
200.68,-172.55,36.87
40.34,50.23,60.24
-255.43,162.41,64.94
99.73,-155.76,31.80
65.00,38.02,117.55
-122.44,120.67,56.95
11.35,-145.81,35.95
238.53,-154.97,-70.3
-121.28,139.77,47.00
1.53,-84.78,30.40
245.97,-160.34,-56.4
-93.63,118.47,75.32
-22.28,-51.82,17.52
172.79,-198.06,-4.03
24.84,61.77,-3.97
-213.26,159.97,-15.3
134.70,-222.17,-13.3
-31.19,31.62,-6.53
-203.80,178.96,9.70
-63.96,-50.05,18.74
183.96,-176.94,44.62
-25.27,87.59,6.04
-180.54,162.54,-53.0
159.48,-174.87,87.59
99.91,-53.89,27.59
-197.14,199.40,-7.69
92.22,-120.67,63.35
112.12,-43.33,8.12
-159.61,194.89,1.40
96.80,-144.35,55.97
47.73,-22.95,47.79
-202.64,143.92,-24.9
80.63,-88.50,47.24
145.45,-55.18,41.63
102.97,111.02,168.76
8.48,94.12,222.84
-68.97,21.06,80.87
43.03,-13.37,-19.65
132.26,-29.36,-30.27
-173.22,-33.51,-22.5
26.86,-18.86,11.78
45.59,-12.57,5.37
36.32,-7.57,1.77
-75.26,47.73,4.58
-28.38,15.75,-5.25
-72.33,31.92,-41.26
-74.58,-21.30,-118.5
24.11,-186.58,-125.4
89.84,-152.95,-131.9
58.35,-98.21,-133.79
116.03,-34.36,-67.02
15.87,160.34,-42.85
-35.77,121.83,-16.72
-19.96,69.82,-4.33
-52.98,41.99,-3.97
156.01,73.18,45.96
-15.81,-5.80,18.68
-17.58,-151.55,32.29
9.83,-114.69,-53.96
-19.35,-10.86,-60.42
1.59,49.93,-4.21
6.59,85.51,11.84
6.65,10.13,8.42
-18.31,-9.58,12.70
-31.98,-40.34,-7.20
40.41,-52.73,-19.65
-44.86,-98.02,-18.49
-97.96,-89.72,35.83
-12.15,-5.00,80.26
-0.55,81.18,50.29
83.31,117.92,14.28
-42.97,84.84,-2.81
-41.14,66.59,-50.90
-9.16,14.71,-64.03
26.67,-34.73,-21.24
-13.98,-75.38,-38.09
-2.93,-94.42,-6.23
-45.53,-90.64,0.85
-45.23,-68.12,50.35
-13.00,-16.66,59.27
-27.16,81.36,39.37
39.61,109.19,18.13
25.70,125.43,17.21
-42.79,106.51,-16.85
2.93,74.46,-19.10
51.21,90.33,-14.04
15.93,35.89,-7.14
-22.52,-55.54,-59.02
-24.05,-106.02,-45.1
-42.18,-119.51,-28.6
-51.03,-113.46,-9.03
-68.79,-65.80,43.03
-42.66,18.25,82.34
-20.14,79.35,126.77
-30.09,95.76,130.68
-18.98,140.56,96.19
-3.60,13.98,6.16
-8.30,-102.29,-83.25
8.36,-158.45,-100.89
-38.15,25.88,47.18
-39.73,161.19,66.83
-29.97,39.86,36.87
-48.58,-69.89,-50.66
31.25,-92.47,-41.20
74.77,-98.63,-20.45
29.05,-26.31,14.40
31.49,130.31,114.38
-52.12,92.53,51.03
-80.32,-12.27,-71.78
-25.57,-105.90,-80.8
49.38,-144.10,-7.08
45.17,-70.68,-5.25
-20.08,31.80,65.67
11.84,84.17,121.09
-67.63,117.80,69.21
5.13,-38.39,-36.68
-75.44,-119.14,-118.
-13.67,-130.55,-41.3
50.84,-57.98,-25.02
7.51,53.96,17.94
-16.66,120.06,104.61
-26.43,93.99,74.40
-6.16,26.37,16.97
30.64,-81.18,-51.64
-18.31,-153.99,-90.3
22.22,-95.03,-6.35
44.92,-14.95,-8.42
11.29,56.03,73.43
6.23,105.71,143.37
-43.52,76.35,33.75
-2.01,-35.95,-21.73
-99.12,-59.94,-108.8
-24.66,-119.38,-59.1
56.46,-50.78,15.38
9.52,72.33,29.24
28.08,34.55,65.86
7.08,82.82,100.46
-37.84,106.75,85.14
-32.90,-26.25,-18.25
-187.74,-52.73,-129.
-75.38,-98.39,-87.71
35.83,-113.46,23.80
38.27,-14.10,7.63
95.58,-11.84,18.19
-30.94,38.45,47.61
-3.42,89.72,109.92
65.31,46.94,110.29
-93.57,47.00,31.92
-125.06,-47.42,-81.9
-46.94,6.41,-48.34
101.38,29.36,25.94
142.64,-2.69,63.90
24.96,-22.46,6.71
26.43,-45.96,16.72
95.40,-85.75,-8.79
97.53,-75.68,-30.15
20.08,-22.28,-0.37
-43.76,28.14,35.83
-17.70,31.31,-0.43
13.06,1.10,-15.81
13.61,-14.59,-8.91
16.54,-17.88,4.76
11.05,-13.55,7.08
3.11,1.04,5.31
1.59,2.20,-0.73
-5.49,3.60,-2.56
-49.13,28.99,-7.81
-14.28,11.47,2.44
-59.27,28.02,-28.26
-120.12,29.30,-153.1
-140.08,-47.67,-245.
124.76,-239.07,-52.7
-2.01,91.31,-54.14
-93.75,76.05,-77.33
97.66,-184.81,-13.24
25.39,163.21,-20.63
-104.55,19.04,-30.03
180.54,-173.03,-51.0
-44.13,154.60,6.35
-136.90,32.47,-15.38
165.16,-207.15,-28.5
-124.45,225.71,-69.2
-236.82,107.54,-55.6
159.61,-184.75,-32.3
-79.77,131.16,21.85
-91.31,83.13,-37.78
245.24,-175.05,-17.0
-156.62,118.71,13.55
-182.31,87.34,-41.69
200.32,-163.94,-32.9
-69.58,95.89,-0.98
-198.55,125.67,-19.5
209.11,-200.62,6.41
-21.24,133.79,-3.66
-287.66,180.36,-72.2
273.86,-228.76,-0.31
6.59,14.47,20.39
-213.68,225.16,-36.5
4.88,-94.30,34.30
128.60,-167.05,-47.5
-107.42,94.79,46.39
45.04,-86.06,63.05
172.73,-52.86,-47.67
-57.13,159.61,80.87
-123.54,28.63,-28.32
64.58,-131.29,16.78
-73.24,105.04,61.04
-22.28,211.43,166.81
125.73,118.29,293.33
17.76,19.90,2.38
132.08,-40.95,-8.18
89.78,-63.54,-72.69
-36.87,-42.30,5.31
-14.59,-28.38,17.27
-59.14,-18.68,-34.42
-0.06,30.27,-3.11
-1.83,10.80,-16.78
-15.75,4.15,1.71
-12.33,12.51,11.05
18.68,-7.32,-4.52
5.62,-4.27,-12.94
-17.64,10.31,23.93
26.73,-6.04,-12.27
7.75,4.94,-2.69
-9.77,19.10,10.62
-11.41,2.81,5.25
-11.78,-9.89,12.15
2.32,1.10,3.30
68.36,-6.10,-9.16
37.17,11.11,-31.43
4.46,14.34,-1.16
-72.57,23.32,3.42
-229.37,91.61,-3.36
-5.62,9.70,-32.47
34.06,11.90,-47.42
175.11,-41.32,-12.82
95.34,6.23,-7.45
-11.90,21.30,6.47
-47.42,32.35,-14.40
-146.97,60.67,-116.5
-116.27,41.14,-111.0
-102.54,19.17,-89.78
8.36,-106.57,-88.32
-111.02,40.41,-29.85
50.42,117.31,90.88
-10.62,165.71,131.10
17.58,74.65,87.59
-13.06,-68.18,-72.51
39.86,-125.24,-75.68
9.22,-117.86,-61.58
-69.21,147.28,-13.00
10.74,119.87,138.55
14.47,81.42,79.90
-31.98,-10.68,-47.91
57.56,-117.43,-37.90
-4.39,-123.11,-114.9
-33.39,149.96,21.30
37.54,94.12,146.55
-52.25,62.68,144.17
-15.62,-6.71,-5.25
46.20,-56.76,-100.22
58.17,-128.05,-104.8
-22.40,-53.47,-61.65
38.09,96.80,142.27
-91.92,70.43,139.04
0.24,-3.60,-23.32
53.22,-68.85,-81.24
37.29,-123.05,-158.2
-7.63,90.33,-4.09
92.04,67.38,167.24
-46.88,35.40,136.47
-68.97,-9.40,21.91
-16.91,2.14,-129.64
112.06,-124.76,-142.
11.66,-122.38,-115.7
0.67,108.95,37.54
-60.61,104.00,182.74
-32.53,-15.26,118.23
-47.55,2.93,-136.60
125.00,-138.37,-103.
-40.59,-103.64,-111.
106.57,69.64,164.31
-23.19,86.24,175.29
-62.50,13.31,-71.84
85.14,-98.94,-124.76
-79.71,-67.38,-98.51
69.09,80.51,85.33
-23.80,75.50,161.80
-100.89,80.32,70.25
-0.98,-6.04,-36.44
43.82,-107.30,-156.1
-25.45,-123.84,-36.8
78.86,108.46,198.73
-13.49,58.47,121.34
-72.14,18.55,-84.17
81.05,-91.31,-113.10
-50.48,-62.26,-55.42
59.57,76.54,142.21
-68.73,76.97,179.26
-11.29,-46.51,159.79
-46.57,8.30,-134.34
110.11,-117.68,-103.
-106.75,-83.80,-104.
36.32,71.72,191.89
-53.96,82.58,126.95
-73.30,17.88,-87.40
94.85,-133.85,-106.3
15.62,-130.98,-89.72
31.49,108.83,74.10
10.25,80.44,159.42
-47.67,34.18,76.90
-54.26,-3.72,-103.09
21.24,-106.81,-146.1
17.52,-132.39,-110.9
-10.74,103.70,23.93
67.75,73.18,153.87
90.27,-37.23,170.47
53.59,-98.63,42.72
43.88,-59.63,5.37
55.42,-116.39,1.46
27.65,-55.36,15.38
-0.73,42.72,-3.91
1.10,-34.67,-5.43
-6.16,-28.87,12.82
-7.69,35.77,-2.44
10.74,21.18,-20.57
-31.68,13.24,-0.92
41.32,-39.37,21.85
104.74,-18.25,-15.93
40.83,-15.62,33.75
-65.43,23.25,-11.72
-156.43,73.79,-57.25
-1.40,3.97,26.49
75.13,-50.90,67.08
-84.23,29.17,-55.18
-34.79,-7.39,-5.62
22.40,-6.84,19.41
24.05,-1.77,-5.68
11.23,-10.56,-3.72
-0.06,-15.99,8.06
8.85,-3.54,2.99
3.54,4.94,-3.60
5.43,4.15,-2.26
1.28,-0.43,0.79
1.95,-2.62,2.38
-2.69,0.61,0.37
12.27,-5.43,5.92
13.06,-8.61,7.69
17.40,-10.56,7.26
6.71,-4.76,2.14
-0.12,-0.92,-0.55
-9.89,6.41,-7.81
-2.08,0.73,-1.16
4.76,-3.66,1.10
2.87,-1.28,3.11
1.10,-0.73,-0.92
3.91,-2.93,2.75
1.10,2.75,0.85
-0.98,-0.79,-0.43
2.44,-2.38,0.24
2.56,-1.40,-0.18
1.46,-1.04,-1.10
-1.83,1.59,-1.22
0.31,0.00,-0.06
0.24,0.98,-0.73
1.53,-0.18,0.61
-0.85,0.92,-0.18
-1.10,2.38,-1.10
-0.55,1.28,-0.18
-2.08,1.89,-1.59
-0.73,1.46,-0.67
-0.92,3.60,0.37
0.06,2.08,0.18
-0.73,1.71,-3.66
6.47,2.26,1.71
-0.31,3.54,-0.18
3.78,-0.73,0.06
2.20,0.37,1.40
1.53,0.61,4.09
2.93,-1.22,3.17
1.95,-0.98,1.71
-0.61,2.38,1.10
-0.79,0.79,0.00
-1.59,2.08,-0.73
-4.27,2.81,-2.08
-3.11,1.53,-1.46
-0.92,0.43,-0.18
-0.31,-0.31,0.55
0.49,0.49,0.67
0.37,-1.22,0.61
0.18,0.49,0.06
0.12,-0.18,-0.06
-0.67,0.98,-0.43
0.24,0.18,-0.55
0.43,0.12,0.06
0.24,-0.06,-0.67
-3.36,2.81,-2.26
-1.22,0.73,-1.40
3.66,-1.22,1.22
2.50,-3.36,-0.49
-0.49,-0.67,-1.34
-0.49,-0.43,-0.49
0.00,-0.55,0.49
0.18,-0.92,0.73
0.43,-0.12,0.55
2.01,-1.10,1.65
-0.79,1.10,-0.24
2.32,-0.98,1.28
0.18,1.10,-0.06
-0.98,1.65,-1.28
2.20,0.43,0.98
0.24,0.85,-0.37
2.08,-0.24,0.37
-0.55,0.79,-1.40
0.55,-0.37,-0.18
1.40,-0.12,0.92
1.28,0.73,0.06
0.31,0.43,-0.31
-0.37,0.92,-0.49
-0.55,1.16,-0.18
0.06,0.18,-0.85
-0.24,0.37,-0.67
-0.61,0.73,-0.92
0.85,-1.16,0.61
0.73,0.43,0.18
-0.61,0.98,-0.92
0.00,0.67,-0.49
1.10,0.55,0.18
0.06,0.43,-0.06
0.73,-0.31,0.24
0.55,-0.31,0.00
0.85,0.92,0.49
0.61,0.98,0.24
1.34,-1.34,0.55
-0.18,0.24,-0.18
1.10,0.31,0.24
-0.43,0.49,-0.73
1.22,-0.79,0.49
1.16,-0.67,0.61
0.67,0.18,-0.24
0.67,0.43,0.24
1.53,-0.55,0.98
0.61,0.18,0.73
0.79,0.12,0.92
0.73,-0.24,0.31
-0.18,0.73,-0.31
0.67,-0.12,0.31
0.24,1.04,-0.18
-0.12,-0.12,-0.73
-0.18,0.49,-0.43
1.28,0.12,0.24
-0.73,1.28,-0.55
-0.12,0.37,-0.18
0.55,0.06,0.18
-1.10,0.85,-0.85
1.16,-0.49,0.00
0.31,0.37,0.31
0.49,0.12,-0.18
0.85,0.00,0.61
1.16,-0.37,0.18
-0.12,0.73,0.43
-0.73,0.67,-0.24
-0.37,0.43,-0.67
-0.55,0.92,-0.61
-0.12,0.79,15.44
0.43,0.00,0.06
1.34,-0.12,0.73
0.67,-0.18,0.12
0.06,1.04,-0.37
1.16,-0.49,0.37
1.53,-0.61,1.04
0.31,-0.12,-0.31
0.67,0.00,0.06
1.10,-0.43,0.85
0.00,0.67,-0.12
-0.49,0.55,0.00
-0.12,-0.79,-0.18
-0.67,0.31,-0.43
0.55,-0.31,0.06
0.92,-0.43,0.31
1.04,-0.73,0.24
1.10,-0.24,0.61
1.28,-0.55,0.43
1.04,-0.73,0.37
-0.12,0.55,0.12
1.22,-0.67,0.06
0.73,-0.37,0.31
1.04,0.12,0.55
-0.61,0.12,-0.37
1.16,-0.85,0.43
-0.06,0.24,0.12
-0.12,0.12,-0.37
0.06,0.06,-0.55
0.00,0.92,-0.73
0.00,0.98,-0.73
0.98,-0.49,0.06
0.37,0.24,-0.06
1.59,-0.67,0.98
0.98,-1.16,-0.31
1.04,-0.43,0.43
0.37,-0.31,0.06
0.55,-0.06,0.12
0.12,0.43,0.06
0.79,-0.37,0.06
0.43,0.67,0.12
1.16,-0.49,0.43
1.34,-0.18,0.06
-0.24,0.06,-0.12
0.79,-0.24,0.31
0.49,-0.12,0.43
0.55,-0.37,-0.24
-0.24,0.79,-0.06
1.89,1.04,0.24
