gX,gY,gZ 
0.78,1.50,-0.14
0.78,0.12,-1.01
-0.21,-0.12,-1.20
-1.30,-0.25,-1.05
-1.88,0.29,-0.84
-0.23,-0.35,-0.60
1.52,-0.47,-0.51
0.52,-0.54,0.12
-3.77,0.93,-0.70
-0.29,-0.31,-0.51
0.37,0.14,-0.56
-0.31,0.10,-0.47
0.85,0.39,-0.10
0.29,0.12,-0.33
-0.91,0.49,-0.41
-0.19,0.21,-0.19
0.87,0.23,-0.08
1.28,1.01,-0.85
3.52,0.04,-0.35
0.54,0.39,0.66
2.35,0.76,0.14
0.97,1.57,-0.29
1.98,0.70,0.04
-0.19,0.29,-0.17
0.39,0.04,-0.68
2.99,-0.58,-0.64
-0.84,0.17,-0.62
-1.44,1.09,-0.56
-0.60,1.30,-0.68
5.38,-1.34,-0.06
3.42,-0.21,0.23
0.35,0.14,-0.29
-1.30,0.64,-0.08
0.31,-0.16,0.27
0.58,0.62,-0.41
-2.23,1.05,-0.31
-1.98,1.28,-0.33
0.04,-0.08,-0.37
3.91,-0.95,-0.33
0.72,-0.49,-0.16
3.05,-0.43,-0.47
0.02,-0.02,-0.35
0.97,0.14,-0.80
0.66,0.72,-0.39
-0.95,0.99,-0.41
-1.83,0.99,-0.47
1.38,-0.12,-0.51
0.80,-0.10,-0.39
0.89,0.41,-0.82
3.83,-0.58,-0.74
0.76,0.68,-0.19
-0.76,0.70,-0.10
2.55,-0.37,-0.33
-0.80,1.52,-0.19
-0.54,0.60,-0.37
0.91,1.24,-0.52
0.43,1.26,-0.62
-1.75,1.34,0.12
-1.79,0.52,-0.21
0.60,1.13,-0.52
0.02,0.54,-0.99
1.48,0.64,-0.68
1.13,0.00,-0.21
2.20,0.64,-0.19
1.79,-0.41,-0.17
-0.51,0.10,-0.19
-1.94,1.44,-0.17
-1.15,0.47,-0.21
0.29,0.49,-0.41
0.78,0.47,-0.45
3.17,-0.33,-0.16
-2.02,1.42,-0.35
-3.01,1.52,-0.17
-0.31,0.52,-0.08
-0.99,1.30,-0.56
-1.34,1.13,0.06
-2.06,0.60,-0.29
1.69,-0.16,-0.35
-0.84,0.10,-0.85
-0.76,0.45,-0.41
3.69,-0.60,-0.14
-0.43,0.54,-0.47
-2.93,1.63,-0.58
-2.66,1.90,-0.68
1.26,0.21,-0.31
-1.36,1.11,-0.49
3.07,-0.78,-0.68
0.06,1.36,-0.27
2.60,0.29,-0.43
-2.66,1.61,-0.54
-0.35,-0.33,-0.70
1.07,0.35,-0.62
0.51,0.16,-0.62
-1.40,1.50,-0.62
0.62,0.27,-0.19
2.76,-0.06,-0.47
2.64,-0.41,-0.54
-1.48,0.85,-0.60
1.53,0.08,-0.16
0.74,0.43,-0.52
-1.94,0.76,-0.64
1.61,0.47,-0.56
-1.48,1.55,-0.51
0.00,0.49,-0.62
-0.45,0.43,-0.80
1.59,-0.08,-0.41
-3.61,1.67,0.29
-3.07,0.62,-0.43
0.74,-0.31,-0.62
-3.96,1.85,-0.06
-0.78,1.46,-0.37
2.02,-0.85,-0.60
-1.13,1.19,-0.84
-1.85,0.25,-0.64
2.00,0.33,-0.35
-2.21,1.75,-0.14
-2.37,0.80,-0.27
2.06,-0.06,-0.47
0.72,-0.25,-0.72
-0.78,0.89,-0.17
2.06,-0.25,-0.51
0.80,-0.17,-0.62
2.51,-0.14,-0.80
0.70,0.33,-0.56
-2.66,1.81,-0.23
1.38,0.68,-0.31
1.73,0.06,-0.35
-0.51,0.87,-0.41
-0.49,1.03,-0.23
1.13,0.04,-0.58
1.52,0.21,-0.72
3.05,-0.23,-0.51
-4.22,1.87,-0.54
-3.44,1.63,-0.45
1.28,0.12,-0.78
1.26,-0.06,-0.54
1.15,0.41,-0.52
-2.58,1.36,-0.21
0.87,-0.39,-0.45
2.64,0.02,-0.64
2.45,-0.62,-0.47
-2.89,1.53,-0.62
-2.18,0.76,-0.45
6.16,-1.44,-0.66
-3.28,2.12,-0.35
-2.84,0.56,-0.47
2.08,-0.23,-0.78
4.59,-0.54,-0.58
-2.02,0.62,-0.45
3.96,-0.89,-0.31
1.40,-1.03,0.33
-0.56,0.84,-0.33
-1.44,1.38,-0.58
-3.03,0.47,-0.47
1.88,-0.25,-0.60
1.36,-0.35,-0.85
-0.76,0.76,-0.54
-2.93,1.73,-0.89
-2.29,1.48,-0.84
-1.81,0.64,-0.97
-1.59,1.79,-0.97
-2.55,1.53,-0.52
-1.98,0.49,-0.72
-0.16,0.62,-0.82
0.27,0.49,-0.52
-1.52,0.66,-0.70
-1.20,0.89,-0.82
2.76,-0.19,-0.12
-0.29,0.89,-0.27
-0.82,0.35,-0.47
2.02,0.21,-0.49
0.04,0.87,-0.64
1.28,0.33,-0.64
1.34,0.33,-0.68
-0.19,0.31,-0.29
1.38,-0.12,-0.49
0.37,-0.08,-0.56
-0.27,0.82,-0.72
1.79,-0.16,-0.66
2.56,-0.08,-0.76
1.67,-0.19,-0.52
1.92,-0.02,-0.52
3.15,-1.17,-0.54
2.21,0.19,-0.80
1.15,-0.21,-1.07
1.57,-0.29,-1.57
-1.17,0.80,-1.26
-2.74,1.50,-0.74
1.57,0.23,-0.19
0.62,0.45,-1.09
-1.32,1.05,-1.55
-1.52,0.08,-1.85
1.98,-0.60,-1.63
-1.24,0.89,-1.40
-0.16,0.49,-1.22
-0.82,0.62,-1.26
-3.07,0.76,-0.72
0.45,0.02,-0.66
2.16,-0.21,-0.49
2.21,-0.14,-0.23
1.19,0.47,-0.29
2.39,-0.17,-0.29
3.24,-0.12,-0.39
0.16,0.60,-0.27
-1.28,1.11,-0.23
1.85,-0.52,-0.39
-1.85,0.10,-0.23
1.94,-0.49,-0.43
1.87,0.16,-0.49
0.95,0.54,-0.10
2.60,-0.78,-0.14
-1.32,0.95,-0.23
-1.53,0.27,-0.49
-0.19,0.64,0.33
4.25,-1.20,-0.99
-1.94,0.33,-0.39
-0.72,0.99,-0.56
-1.36,1.88,-0.66
-2.33,0.87,0.12
-1.11,0.62,-1.28
-2.55,1.13,-0.82
0.64,0.84,-0.62
-0.54,0.43,0.33
-0.02,-0.33,0.16
0.02,0.54,-0.10
-1.90,0.99,-0.29
1.81,-0.70,-0.29
-0.04,0.27,-0.80
2.45,-0.08,-0.56
1.19,0.72,-0.08
0.85,0.47,-0.17
-0.54,0.66,-0.64
-0.12,1.01,-0.33
-0.04,0.47,-0.70
-1.17,1.15,-0.41
-0.10,0.87,-0.52
1.20,0.85,-0.02
0.23,0.31,-0.37
2.45,0.43,-0.31
2.23,0.35,-0.29
-0.74,-0.16,-0.33
-1.46,0.27,-1.30
0.31,-0.21,-0.56
1.11,0.82,-0.21
2.64,0.76,0.45
2.86,-0.02,-0.56
-5.46,1.57,-0.95
-1.94,1.09,0.19
-2.16,1.19,-0.16
-2.16,0.66,-1.19
1.11,-0.04,-0.85
-1.17,0.62,-0.51
-1.19,0.72,-0.62
0.00,-0.19,-1.48
1.40,0.41,-1.09
-1.53,0.33,-0.49
2.29,-0.14,-0.35
3.15,0.29,-0.37
0.35,0.51,-0.35
-0.78,0.95,-0.58
0.72,0.31,-0.72
1.96,-0.35,0.25
-0.54,0.62,-0.35
-1.81,0.97,-0.45
-0.99,0.93,-0.49
0.00,0.64,-0.74
-0.35,1.11,-0.33
-1.05,0.91,-0.45
-1.75,1.07,-0.85
-1.05,-0.14,-0.56
1.48,0.31,-0.41
-2.00,1.28,-0.04
2.80,0.21,-0.56
6.94,-0.33,-0.35
1.38,1.07,-0.97
1.28,0.51,-0.70
-1.88,1.73,-1.57
-0.16,0.39,-1.77
0.95,-0.95,-1.09
-0.31,1.88,-0.43
-0.39,1.05,-1.05
2.14,0.58,-1.07
0.54,1.36,-0.70
-0.72,0.08,-1.32
1.15,-1.11,-0.47
-0.49,0.33,-0.12
0.54,1.52,-0.58
1.19,1.40,-0.31
-0.72,1.09,-0.87
-2.89,3.15,-0.06
2.20,-0.74,0.12
-0.72,0.27,-0.68
0.21,-0.41,-0.39
1.85,-0.02,-0.78
0.70,-0.06,-0.95
4.29,-0.91,-0.17
2.23,-0.04,-1.11
3.92,-0.12,-0.87
2.84,-0.87,-1.24
-0.58,0.51,-0.45
-1.53,1.15,-0.58
1.48,-0.02,-0.74
0.43,1.13,-0.29
1.81,0.45,-0.12
0.47,0.56,-0.31
0.93,0.45,-0.19
0.12,0.66,-0.02
1.44,0.35,-0.16
0.82,0.41,-0.49
3.42,0.19,-0.43
0.72,0.16,-0.45
1.85,-0.27,-0.68
-1.13,1.07,-0.10
0.04,0.10,-0.43
2.35,-0.60,-0.49
1.79,0.16,-0.64
-2.18,2.20,-0.21
-2.64,1.09,-0.60
-1.36,0.58,-0.68
-2.53,1.32,-0.49
1.26,0.29,-0.68
1.07,0.35,-0.43
-2.49,1.75,-0.16
0.66,0.80,-0.64
0.95,-0.33,-0.62
0.93,-0.27,-0.51
0.21,0.31,-0.35
-1.59,1.52,-0.47
-2.21,1.73,-0.31
0.70,0.21,-0.51
-0.25,1.01,-0.08
2.27,-0.78,-0.41
0.37,0.76,-0.14
-0.33,0.23,-0.47
0.62,0.25,-0.52
1.42,0.68,-0.29
0.49,0.21,-0.00
-0.78,0.84,-0.64
1.92,-0.37,-0.54
-1.94,1.53,-0.87
-1.22,1.09,-0.52
0.04,0.60,-0.68
1.32,0.00,-0.39
1.34,0.00,-0.39
-0.93,1.09,-0.25
0.04,0.19,-0.33
0.62,0.16,-0.93
1.55,0.33,-0.19
0.33,0.14,-0.25
-2.70,1.07,-0.80
-0.68,0.82,-0.41
-1.59,1.09,-0.27
2.00,-0.06,-0.54
1.24,0.41,-0.23
1.30,-0.08,-0.60
0.89,0.62,-0.84
0.35,-0.27,-0.68
2.25,-0.21,-0.84
2.00,-0.52,-0.64
2.33,-0.58,-0.64
0.87,-0.25,-0.49
1.71,-0.16,-0.43
-1.75,1.11,-0.33
-0.27,0.76,-0.85
1.61,-0.25,-0.80
0.04,0.80,-3.63
0.91,0.29,-7.05
-1.03,0.08,-9.27
0.74,1.55,-13.35
2.84,0.06,-15.15
2.70,-0.84,-13.46
1.87,-2.51,-15.45
6.59,-3.83,-15.04
10.92,-6.37,-15.81
10.71,-8.35,-16.90
8.55,-10.12,-15.00
14.94,-11.87,-11.81
12.20,-10.03,-10.82
15.06,-8.32,-8.30
4.82,-4.86,-4.82
10.08,-5.30,-5.07
2.02,-3.07,-2.08
0.85,1.26,-0.68
-2.20,1.22,2.95
-1.53,-1.11,-1.15
4.16,-0.51,-3.05
-2.51,2.62,-1.52
0.91,-0.21,-1.92
3.01,-2.93,-2.51
-7.05,-0.16,-0.10
-4.68,1.01,1.03
1.15,0.25,-0.52
-2.99,4.08,1.61
-1.98,1.01,-0.51
-3.17,-2.78,-1.28
-6.99,2.02,1.65
-5.87,1.96,1.77
-2.08,0.89,0.47
-11.56,0.19,2.70
-5.54,2.23,-0.70
-4.20,1.81,-1.67
0.23,1.77,-2.37
3.07,0.33,-0.91
-3.48,1.03,0.02
1.67,0.47,0.21
4.22,-0.23,-0.72
1.15,0.06,-1.20
1.19,0.35,-0.33
1.44,0.37,-0.41
2.20,0.17,-0.91
0.70,0.33,-0.29
0.23,0.25,-0.16
-0.68,0.91,-0.35
-0.16,0.23,-0.35
-1.11,0.52,-0.45
-1.46,0.89,-0.33
-0.54,0.72,-0.31
-0.97,0.64,-0.37
2.56,0.14,-0.85
2.06,0.08,-0.14
-1.32,0.80,-0.12
-0.62,0.21,-0.25
0.00,0.72,-0.31
0.43,0.37,-0.12
0.45,0.49,-0.25
-0.58,0.62,-0.17
0.80,0.60,-0.76
2.27,-0.16,-0.70
-0.35,1.03,-0.29
0.56,0.72,-0.70
0.51,0.68,-0.35
1.81,-0.27,-0.43
1.15,-0.41,-0.78
0.16,0.21,-0.41
-0.35,0.70,-0.49
0.47,0.37,-0.60
0.52,0.25,-0.56
0.00,0.76,-0.35
0.21,0.54,-0.41
-0.17,0.27,-0.33
0.31,0.49,-0.47
0.16,0.54,-0.41
-0.31,0.70,-0.56
0.23,0.16,-0.60
-0.51,0.49,-0.16
0.12,0.31,-0.60
-0.51,0.68,-0.52
4.18,-0.66,-0.33
-1.36,0.78,0.95
-0.54,-0.21,-1.85
-2.49,0.66,-0.56
-0.70,0.06,-0.56
-1.26,0.72,0.04
-1.15,0.87,-0.51
-1.07,0.66,-0.95
-1.11,0.78,-0.51
0.85,0.35,-0.51
0.80,-0.21,-0.85
-0.49,0.23,-0.49
1.75,0.35,-0.51
0.93,0.78,-0.74
-0.10,0.84,-0.56
0.02,0.68,-0.29
-0.76,0.60,-0.89
0.72,0.21,-0.43
0.21,0.89,-0.39
1.07,0.21,-0.23
0.84,0.45,-0.70
1.52,0.23,-0.87
0.78,0.45,-0.62
0.60,1.03,-0.64
0.87,0.19,-0.51
-0.45,0.58,-0.21
0.82,0.10,-0.41
-0.68,0.08,-0.51
1.38,0.54,-0.51
0.35,0.60,-0.43
0.84,0.51,-0.51
1.38,0.33,-0.66
-0.29,0.62,-0.51
0.58,0.06,-0.52
0.08,0.70,-0.62
0.08,0.68,-0.58
-0.06,0.21,-0.23
0.35,0.49,-0.35
0.25,0.39,-0.54
0.37,0.16,-0.33
0.58,0.49,-0.70
0.06,0.25,-0.45
0.43,0.02,-0.35
-0.82,0.52,-0.52
0.37,0.78,-0.87
0.17,0.52,-0.35
-0.43,0.64,-0.58
0.02,1.07,-0.51
0.16,0.64,-0.64
-0.43,0.76,-0.68
0.23,0.37,-0.85
0.93,0.06,-0.51
-0.84,0.74,-0.25
-0.17,0.72,-0.29
-0.97,0.93,-0.29
-0.72,0.99,-0.52
-0.70,0.25,-0.02
0.02,0.43,-0.66
0.25,0.80,-0.58
1.07,0.25,-0.29
-0.78,0.84,-0.27
-0.74,0.87,-0.60
1.24,0.29,-0.56
1.17,0.27,-0.10
-0.41,0.37,-0.51
1.53,0.64,-0.99
-0.37,0.78,-0.39
-0.29,0.78,-0.23
-1.17,0.39,-1.22
-0.10,1.88,-2.66
2.10,-0.19,-0.51
-1.53,-0.04,0.64
-1.44,0.43,-0.45
-0.78,0.68,-0.68
0.23,0.19,-0.14
1.42,1.05,-0.68
0.17,0.76,-0.39
0.04,0.17,-0.41
0.62,1.03,-1.07
-0.58,0.64,-0.23
0.89,0.23,-0.78
1.24,0.58,-0.64
0.45,0.23,-0.54
0.60,0.60,-0.58
-0.76,0.97,-0.39
0.91,0.60,-0.82
-0.99,0.76,-0.23
1.13,-0.08,-0.47
-2.23,0.99,-0.19
0.93,0.12,-0.37
0.27,0.68,-0.54
0.04,0.64,-0.45
0.23,0.06,0.08
1.46,-0.27,-0.76
2.04,-0.08,-0.66
0.25,0.16,-0.39
-0.68,1.26,-0.72
0.14,0.29,-0.31
0.95,0.37,-0.31
-1.30,0.06,0.21
-0.54,0.47,-0.45
0.85,0.45,-0.31
0.95,0.35,-0.54
1.42,0.31,-0.68
-0.02,0.39,-0.47
-0.93,1.03,-0.41
0.87,0.17,-0.54
-0.91,1.26,-0.60
0.29,0.16,-0.21
-0.41,0.66,-0.49
0.19,0.19,-0.47
-1.19,1.11,-0.45
0.31,0.51,-0.45
-0.08,0.72,-0.62
0.29,0.37,-0.56
0.47,0.29,-0.60
0.35,0.74,-0.54
-0.02,0.91,-0.47
-0.29,0.45,-0.47
0.58,0.54,-0.51
0.37,0.51,-0.47
0.52,0.19,-0.43
0.93,0.19,-0.39
0.51,0.23,-0.39
0.87,0.14,-0.56
0.14,0.47,-0.21
0.66,0.31,-0.54
0.21,0.29,-0.39
-0.08,0.45,-0.14
-0.60,0.66,-0.29
0.45,0.58,-0.52
0.17,0.58,-0.54
1.13,0.66,-0.66
0.10,0.43,-0.49
0.21,0.49,-0.72
0.16,0.27,-0.52
-0.06,0.29,-0.47
0.08,0.51,-0.41
-0.27,0.60,-0.49
-0.29,0.58,-0.39
0.33,0.35,-0.39
0.04,0.37,-0.49
0.08,0.21,-0.31
0.80,0.27,-0.51
0.39,0.27,-0.43
0.84,0.41,-0.68
-0.02,0.60,-0.52
0.39,0.25,-0.78
-0.27,0.68,-0.33
-0.74,0.70,-0.35
-0.33,0.23,-0.19
0.21,0.37,-0.31
0.54,0.35,-0.49
-0.52,0.51,-0.39
-0.08,0.47,-0.41
0.95,0.45,-0.62
-0.37,0.47,-0.33
-0.37,0.47,-0.54
-0.64,0.99,-0.37
0.72,0.10,-0.41
0.04,0.62,-0.76
0.14,0.47,-0.52
0.33,0.43,-0.45
0.16,0.74,-0.29
0.49,0.56,-0.74
-0.02,0.78,-0.78
-0.08,0.43,-0.41
-0.08,0.52,-0.51
0.23,0.80,-0.62
0.37,0.10,-0.41
0.21,0.14,-0.37
0.62,0.33,-0.43
-0.43,0.62,-0.43
0.84,0.02,-0.58
0.17,0.62,-0.37
-0.52,1.03,-0.49
1.59,-0.10,-0.31
0.58,0.64,-0.54
-0.21,0.66,-0.56
-1.15,1.19,-0.52
-0.66,0.56,-0.64
0.56,0.35,-0.31
-0.19,0.82,-0.51
0.14,0.33,-0.45
-0.21,0.78,-0.39
0.17,0.21,-0.47
-1.46,0.70,0.56
1.40,-0.54,0.70
3.81,-1.13,-0.56
-0.08,-1.07,-0.14
0.02,0.43,-0.64
0.60,0.06,-0.49
0.04,0.70,-0.62
0.02,0.82,-0.60
-1.20,0.41,0.06
2.91,-0.25,-0.47
-1.01,0.70,-0.47
-1.19,1.48,-0.87
1.83,0.51,-1.07
0.58,0.54,-0.60
0.39,0.45,-0.87
0.58,0.33,-0.41
0.29,0.14,-0.43
0.00,0.31,-0.33
0.21,0.64,-0.74
-0.31,0.54,-0.47
0.39,0.47,-0.49
-0.19,0.58,-0.41
0.62,0.35,-0.56
0.27,0.68,-0.51
0.45,0.39,-0.58
-0.19,0.45,-0.06
0.64,0.21,-0.35
-0.54,0.74,-0.39
0.51,0.58,-0.78
0.41,0.29,-0.23
0.02,0.43,-0.58
-0.17,0.56,-0.47
0.93,0.27,-0.62
0.72,0.27,-0.60
0.51,0.87,-0.52
0.51,0.62,-0.54
-0.17,0.51,-0.64
-0.43,0.39,-0.54
-0.51,0.80,-0.39
0.02,0.45,-0.10
-0.66,0.39,-0.12
0.35,0.47,-0.51
-0.12,0.35,-0.51
0.76,0.41,-0.60
0.45,0.33,-0.68
-1.15,0.91,-0.72
0.78,-0.19,-0.52
1.98,0.99,-0.72
2.25,-0.95,-0.29
1.73,0.08,-0.14
-0.89,0.87,0.37
-1.17,0.31,-0.60
0.54,-0.82,0.14
-0.85,-0.39,0.58
-5.85,1.52,0.49
-3.54,0.91,0.85
-1.01,0.25,-0.35
-0.56,0.19,-0.84
1.75,-0.64,-1.17
1.90,0.58,-0.41
1.11,0.45,-0.97
1.98,0.99,-0.93
2.10,0.78,-1.42
1.67,0.37,-0.93
-1.87,0.97,-0.39
-0.04,-0.12,-0.16
1.90,0.23,-0.19
0.08,0.80,-0.60
1.17,0.82,-0.25
-2.47,0.82,0.19
0.62,0.49,-0.21
-0.76,1.44,-0.62
0.23,0.68,-0.43
-1.20,1.13,-0.43
-1.92,2.37,0.08
-0.97,3.26,0.76
1.87,2.72,2.08
-3.05,1.26,2.00
-0.58,0.60,2.72
4.04,2.27,3.81
3.52,3.57,4.06
27.69,-0.68,2.72
24.36,0.91,0.68
7.97,-2.43,1.30
-2.37,-2.72,0.72
-8.24,-0.84,-0.16
1.15,-1.63,-2.10
2.95,1.28,-0.85
-13.43,4.55,0.58
-8.47,1.50,-2.21
-8.92,2.51,-1.24
-0.72,2.84,-1.03
-3.56,4.02,-0.95
-6.41,4.35,0.51
-2.04,1.57,0.82
-2.29,2.14,1.77
-7.75,3.98,2.58
-6.63,5.79,5.11
-5.91,9.07,9.77
-8.57,9.77,12.07
4.92,8.47,14.73
3.48,9.36,15.93
0.66,10.53,16.86
3.87,10.36,15.66
3.05,10.41,14.57
1.98,10.74,14.94
5.44,11.04,16.77
7.85,11.50,13.35
5.01,7.38,11.66
4.78,4.12,3.30
7.95,3.36,4.22
2.93,5.23,2.91
-8.39,3.79,1.34
-4.41,2.47,-0.10
5.15,-1.30,-0.91
-4.49,0.52,-1.67
-0.58,0.37,-1.63
3.71,1.17,-0.97
0.52,1.05,-1.67
-3.94,2.70,-5.96
-3.91,3.83,-11.29
-7.09,-0.56,-10.37
-12.38,-0.91,-5.69
-2.29,-1.07,-2.37
-2.58,0.93,-2.33
3.89,1.75,-5.09
-7.56,-0.25,-3.24
-3.59,0.19,-0.97
-6.31,2.43,-1.61
-1.90,0.06,3.52
-2.56,0.62,1.75
0.16,-0.49,0.08
-1.42,0.12,0.70
1.53,-0.89,0.16
-2.49,1.30,-1.26
0.21,0.47,-0.00
2.41,-0.02,0.68
2.93,-0.27,-0.17
-0.51,0.72,-0.45
-2.25,0.51,-0.43
-3.28,1.03,-1.07
0.16,0.45,-0.54
-2.60,1.77,-0.21
-0.06,0.87,-0.66
-1.13,1.20,-0.62
-1.52,1.61,0.06
-1.53,0.54,0.21
-0.19,0.74,0.35
-1.19,0.39,-1.17
5.28,-1.07,-0.00
-2.21,1.09,-1.36
-8.72,4.82,-2.97
9.79,-4.59,-0.93
-3.15,-0.35,0.52
1.34,-0.91,-0.21
-0.89,0.08,0.04
-3.59,1.79,-0.45
-1.90,0.97,-0.41
1.52,0.06,-0.31
4.53,-0.56,-1.07
-1.28,0.84,0.43
4.49,-1.44,-0.25
1.87,-0.80,-1.05
2.08,-3.15,-2.76
0.82,-0.08,-3.73
4.08,-0.89,-6.72
-1.61,-1.53,-9.23
-1.88,-0.37,-13.11
1.53,-1.63,-17.35
8.04,-0.54,-18.63
4.92,-6.29,-17.43
1.22,-4.93,-16.75
7.13,-6.90,-19.12
4.22,-6.29,-20.19
10.55,-6.78,-16.14
5.17,-3.56,-14.88
18.73,-13.62,-17.16
16.03,-9.25,-8.80
26.87,-8.04,-4.33
7.40,3.32,0.66
-2.64,2.37,1.20
-3.67,1.63,0.74
0.70,0.04,-0.62
-2.14,-0.19,-1.24
-1.59,1.38,-0.29
-1.85,-0.52,-0.21
2.25,-0.17,0.08
-4.86,3.57,0.87
-7.19,5.27,-0.41
-0.37,-0.10,1.13
-4.93,3.40,-1.65
-2.45,0.49,-0.02
1.92,1.44,-2.78
3.38,0.58,0.08
12.75,-3.46,-0.14
0.41,-0.80,0.51
-8.20,1.36,0.41
-5.91,0.43,2.53
-10.57,2.55,1.63
9.33,-1.28,-2.18
37.54,-5.91,4.18
-2.95,1.67,3.23
-12.96,1.15,-0.84
6.72,-0.68,-2.58
4.10,-1.40,-0.93
-10.10,2.76,-1.34
8.18,-2.47,-2.29
-10.16,6.55,2.18
-13.25,9.35,6.04
-10.03,11.13,8.68
-11.68,13.17,15.13
12.45,4.60,12.80
-0.76,6.99,17.00
9.56,4.95,17.85
4.29,7.27,15.37
8.49,8.22,14.26
4.18,10.45,13.33
7.05,10.10,13.66
-1.79,11.37,12.32
6.20,8.26,11.39
7.40,7.36,6.68
3.56,4.90,-0.29
-5.85,2.12,1.32
-2.00,0.14,-0.25
-0.41,0.29,-0.41
-1.85,0.64,-1.52
-2.80,1.65,-1.77
-5.81,2.55,-3.05
-1.36,2.70,-4.97
2.41,3.96,-6.74
-1.79,4.45,-7.52
0.33,-0.17,-6.39
-11.29,-0.52,-4.53
-7.62,0.02,-3.98
-3.87,0.14,-4.27
-6.45,1.98,-2.02
1.09,-0.29,-1.44
0.04,1.07,-1.34
-1.63,0.54,-0.19
2.49,-0.21,-0.02
-1.94,1.13,-0.70
1.53,0.56,-0.27
-3.03,0.54,-0.37
-1.59,0.68,-0.10
-1.01,-0.35,-0.95
-0.95,0.14,-1.07
3.09,-0.17,0.04
-1.03,1.03,-0.17
-3.36,1.85,-0.60
1.42,0.72,-0.64
1.50,-0.23,-0.78
-0.62,0.74,-0.37
-1.20,1.40,-0.78
0.95,0.17,-0.60
3.40,0.66,-0.33
0.16,0.25,-0.66
-2.53,1.19,-0.51
-1.48,0.85,-0.74
-0.41,0.06,0.08
-2.43,1.09,-0.29
2.74,0.10,-0.23
-0.89,0.93,-0.51
-2.68,0.84,-0.58
-3.94,1.50,-0.43
-0.78,0.56,-0.19
-2.10,1.36,-0.51
1.71,0.23,-0.45
3.21,-0.35,-0.60
-1.46,1.19,-0.54
-1.67,0.52,-0.47
1.22,0.04,-0.78
0.21,0.06,-0.43
-4.35,1.73,-0.19
1.65,1.65,-0.43
0.10,1.55,-2.86
-2.97,0.23,-2.16
5.71,-2.25,-0.19
-1.07,0.78,-0.33
1.32,0.35,-0.39
-1.67,0.76,-0.10
0.52,0.17,-0.97
1.28,0.49,-0.80
0.91,0.16,-0.17
1.20,-0.82,-2.20
4.35,-1.24,-5.95
-2.93,0.60,-10.14
-0.17,-2.55,-12.26
-3.52,-0.27,-11.04
-1.17,-3.71,-19.20
-1.22,4.00,-23.51
15.41,-3.23,-26.42
14.94,-13.41,-25.28
15.91,-16.05,-20.61
17.60,-14.14,-17.93
7.56,-9.31,-9.25
17.00,0.64,-4.08
20.63,-7.97,-1.07
1.65,-1.44,3.21
-2.14,2.33,1.87
0.35,-0.29,-0.23
-2.74,0.41,-0.66
-3.96,2.55,-0.89
6.43,-0.08,-0.97
1.52,-1.87,0.64
-1.20,-0.78,-0.02
-1.63,0.37,-0.33
-0.29,0.33,0.10
-0.87,1.61,0.29
10.76,-1.55,-1.05
-2.70,2.00,-0.66
0.60,0.84,-1.69
0.93,0.39,-0.47
6.45,-1.32,0.02
-2.23,0.78,0.58
-3.19,1.09,-0.02
-3.44,1.05,0.33
21.68,6.26,6.35
-0.41,5.93,4.80
21.29,-6.49,3.59
-6.00,3.87,1.61
-9.36,3.98,0.56
0.80,-3.54,-3.50
0.00,1.92,-0.02
-0.52,1.13,0.27
0.41,0.19,-0.72
-0.23,-1.11,-0.19
-11.02,5.25,2.08
-22.60,10.65,4.02
-6.20,12.14,9.17
-18.88,17.99,13.99
-14.55,16.30,19.20
6.68,15.91,22.71
-2.20,12.10,21.64
11.42,8.94,18.05
1.11,9.29,13.46
6.57,8.26,11.00
14.65,4.90,10.08
2.70,2.47,6.16
-10.57,3.75,0.74
3.11,0.21,0.29
1.81,0.95,-0.76
-2.02,3.59,-4.64
-1.34,4.31,-7.15
2.08,0.51,-5.60
-2.80,0.82,-8.32
-5.79,-1.03,-8.35
3.28,-0.08,-1.44
-8.43,3.44,-2.58
-6.55,2.51,-1.28
-2.99,0.16,-0.85
2.23,2.31,-0.84
-3.05,1.75,-0.62
0.52,1.73,-1.75
-4.00,1.30,-0.95
2.12,-0.56,-0.54
-0.54,1.11,-0.19
0.72,0.76,0.06
1.36,0.02,-0.21
1.90,0.19,-0.66
3.34,-0.37,-0.45
0.80,0.25,-0.49
-2.68,1.53,-0.29
-1.85,0.99,0.19
-2.29,0.66,0.41
1.05,0.02,-0.08
-0.45,0.52,-0.64
-0.31,0.93,-1.22
0.23,0.56,-0.99
-3.87,0.87,-0.76
0.89,0.60,-0.29
-1.98,1.34,-0.21
1.90,-0.23,-0.37
-0.82,0.76,-0.02
2.35,-0.35,-0.54
-2.18,0.99,-0.21
0.14,-0.33,-0.47
-2.74,1.19,-0.78
4.86,0.37,-0.89
3.42,-0.45,-0.12
-6.24,2.49,0.27
-2.84,0.56,0.27
0.08,0.02,-0.66
0.51,-0.16,-0.80
-2.23,1.09,-1.01
-0.87,0.58,-0.93
0.21,0.25,-0.43
-0.66,0.72,-0.08
-0.66,0.97,-0.56
-0.82,0.66,-0.52
1.26,0.27,-0.00
1.07,0.47,-0.16
3.15,-0.27,-0.47
0.47,0.23,-0.25
-0.72,0.93,0.12
0.41,0.16,0.21
-0.17,0.82,-0.60
-0.43,1.53,-0.54
2.41,-0.17,-0.19
-1.61,0.56,-1.36
1.24,-0.49,-1.53
1.85,-1.38,-0.72
5.56,-1.05,-0.74
2.39,0.76,-0.52
-0.43,1.17,-0.56
-2.91,1.24,-0.45
2.70,-0.35,-0.51
-2.18,0.80,-0.27
-6.35,2.68,-1.01
-2.74,3.75,-1.53
-1.90,1.87,-0.97
1.61,0.16,-0.60
-0.87,0.45,-0.56
-1.79,1.03,-0.91
-2.33,1.03,-1.17
-3.19,1.46,-1.40
-2.27,0.52,-2.41
-2.10,-0.25,-7.36
-1.98,-0.17,-12.05
-8.06,1.40,-13.02
-0.62,0.19,-16.86
4.24,-5.60,-17.49
2.99,-3.69,-19.21
9.52,-6.97,-20.26
7.50,-3.69,-19.45
5.58,-7.32,-15.54
4.82,-9.21,-12.75
23.43,-2.95,-8.16
6.37,0.21,-4.82
27.06,-7.05,-4.97
12.22,-2.88,-0.39
5.36,-0.60,0.17
1.42,0.78,0.89
-1.44,-0.10,0.08
1.13,-1.92,0.10
0.39,-0.85,0.29
-0.51,0.16,0.35
0.85,0.23,-0.23
0.08,0.93,-0.49
0.49,1.32,-0.89
0.04,0.39,-0.56
1.09,0.04,-0.64
0.49,-0.08,-0.25
1.11,0.00,0.21
0.70,0.33,0.12
-0.27,0.91,-0.64
1.15,0.97,-1.48
-1.07,2.10,-0.93
-3.36,1.17,-0.04
0.97,-0.10,-0.47
20.09,0.49,4.24
1.01,4.22,3.89
8.94,3.07,4.47
4.53,-2.23,2.37
-5.93,-0.49,0.84
-2.86,-1.22,-1.03
-3.96,-0.58,-1.19
5.28,-1.05,0.21
-4.64,1.67,-1.96
-11.21,4.39,0.76
-9.83,2.78,-0.74
-14.90,4.16,-0.95
-14.24,10.20,5.98
-19.35,11.39,10.20
-18.07,13.15,16.42
-1.53,7.31,19.93
-5.98,6.76,16.55
-3.81,5.83,16.49
0.33,9.69,16.01
6.70,7.13,15.02
-6.06,8.68,15.89
7.27,6.29,15.72
-2.51,7.97,13.77
26.87,0.02,5.65
7.17,0.78,1.01
-9.03,2.72,2.35
-0.39,0.12,0.80
0.06,-1.28,-0.02
-1.65,-0.06,-1.05
0.68,0.60,-0.64
0.99,1.79,-1.20
8.90,0.23,-4.04
0.23,3.59,-4.22
7.21,2.72,-7.95
-6.14,2.72,-6.24
-7.64,2.72,-6.51
-9.15,-1.73,-4.74
-8.06,-2.23,-2.16
-0.62,1.63,0.31
-2.08,3.67,-1.40
-4.02,3.05,-1.07
-2.47,3.09,-1.44
-0.33,1.30,-1.71
2.60,1.22,-2.00
5.30,-0.52,0.16
-1.81,0.17,0.47
0.74,-0.04,-0.12
-0.62,0.74,0.02
0.41,-0.68,-0.33
1.71,-0.39,-0.47
-1.85,1.09,-0.41
1.26,-0.21,-0.80
-1.61,1.09,-0.68
-0.21,-0.29,-0.62
-0.29,0.33,-0.29
-2.82,-0.08,-0.39
4.31,2.16,-1.44
-0.95,0.12,-0.97
2.95,-2.66,0.19
-1.05,0.80,-0.74
0.64,0.52,-1.57
3.03,-0.58,-1.73
-0.35,-0.47,-1.28
3.34,-1.22,-6.57
0.16,1.19,-12.16
-4.14,1.50,-15.56
0.27,-1.36,-16.28
-8.32,1.63,-23.00
10.14,-3.32,-24.13
-0.49,-0.14,-19.58
10.76,-6.97,-19.76
22.93,-13.83,-18.59
20.79,-30.48,-15.31
8.08,-0.27,-4.88
7.31,-0.27,-0.08
4.88,-2.51,1.77
5.52,-0.64,0.12
0.06,0.51,-0.64
-1.13,0.21,-0.60
0.37,0.39,-0.74
-0.23,0.39,-1.01
0.60,0.08,-0.49
-0.14,0.23,-0.74
-4.51,4.53,1.85
-4.55,8.14,4.86
-7.91,10.12,7.17
-8.72,12.45,9.99
-9.68,11.11,11.95
-4.68,9.60,16.28
-15.85,11.04,18.48
-10.63,5.98,18.42
-3.96,3.48,16.42
-1.26,3.07,14.57
-3.79,2.86,13.44
-1.57,-0.19,12.86
2.29,-0.27,11.48
3.81,-0.35,4.82
-5.79,3.44,-2.23
-4.25,0.78,-2.12
-1.34,1.07,-1.75
-0.33,0.16,-1.44
-0.54,-0.08,-1.42
-1.19,0.16,-0.70
-2.82,1.46,-1.11
-0.62,-0.14,-0.80
-0.37,-1.77,0.29
2.41,-5.56,0.19
-0.60,-6.51,-0.41
-5.98,-5.34,-0.85
-4.43,-7.79,0.54
-2.72,-9.58,-0.19
-6.37,-9.21,0.43
-2.64,-9.81,0.14
-2.45,-8.80,-0.64
-2.62,-8.92,-0.80
-2.95,-8.33,-0.33
-0.85,-9.52,-0.68
-4.14,-8.74,-2.18
0.99,-9.81,-2.45
-1.71,-9.62,-1.71
-0.19,-12.08,-1.46
-0.74,-11.64,-1.73
-6.74,-10.01,-1.85
-4.33,-10.59,-2.95
-2.99,-10.61,-0.97
1.26,-4.43,-1.03
0.54,-1.50,-1.61
1.13,0.54,-1.07
-0.78,1.88,-0.89
-0.58,2.45,-1.11
-0.06,0.95,-0.70
0.56,1.03,-0.54
1.07,0.25,-0.31
-0.89,1.48,-0.54
8.16,1.61,-0.84
5.79,7.77,0.43
1.42,18.96,1.03
6.84,26.81,0.54
9.15,28.44,0.72
2.99,28.38,-1.50
-5.91,27.37,-0.37
-3.05,22.69,-0.95
0.58,14.57,-1.03
-0.39,10.24,0.49
1.17,5.96,-0.51
5.71,2.43,-0.45
-0.85,2.04,-0.56
-1.55,1.77,-0.62
-2.31,0.84,-1.67
0.91,0.80,-0.84
2.18,-1.40,-0.43
-1.65,-3.69,0.62
7.60,-4.55,-0.17
-2.70,-8.30,0.17
-0.29,-14.38,0.43
-1.61,-14.05,-1.22
-5.27,-19.16,1.40
-9.95,-16.36,0.10
0.66,-19.23,-1.11
-2.64,-18.09,-0.58
-0.99,-17.93,-2.89
3.05,-13.54,-2.06
0.93,-8.45,-2.33
-1.19,-3.42,-1.11
-4.88,1.81,-0.80
2.72,1.77,-0.10
-0.02,6.97,-1.38
5.11,9.23,-0.41
7.13,13.81,-1.55
14.24,15.87,-2.93
1.24,19.18,-3.30
2.04,18.85,-0.04
-1.79,21.76,-2.91
13.15,20.11,4.22
-0.33,20.57,-3.65
-11.89,18.46,-1.34
-0.87,14.05,-2.84
1.40,9.40,0.29
3.40,6.92,2.14
1.15,2.93,0.97
3.13,-0.06,-0.82
-0.06,-0.70,-0.93
-1.07,-1.46,-0.62
-3.48,-2.91,-0.74
-3.42,-5.28,-0.23
-0.58,-6.66,-0.87
1.15,-11.02,1.15
-2.93,-9.50,-0.16
-5.54,-12.61,-0.10
-7.97,-14.18,-2.80
-2.29,-16.24,-1.11
-2.80,-17.49,-3.21
2.95,-15.15,-1.67
0.84,-13.95,0.80
-4.92,-13.02,1.05
4.31,-13.27,0.49
-5.25,-0.60,-1.57
0.62,-0.51,-7.03
2.16,1.19,-17.78
-2.04,3.83,-20.09
1.88,2.55,-19.53
12.80,0.87,-20.22
6.12,4.45,-21.93
9.62,0.31,-21.76
14.53,2.53,-25.82
13.97,-1.81,-18.92
-2.86,-2.78,-17.89
-1.75,-4.43,-13.09
0.76,-3.54,-6.51
-2.08,-1.09,-2.72
1.50,-1.46,0.91
-3.79,3.30,4.22
-6.74,0.58,12.03
0.27,-1.79,15.45
-4.60,-1.38,13.09
1.88,-3.09,7.31
-6.51,2.51,-1.77
-3.81,5.38,-6.14
-3.42,6.68,-4.06
-1.17,6.06,-3.05
-1.98,4.55,-2.66
-2.16,2.53,-2.33
-0.80,2.78,-2.93
-2.18,0.62,-2.35
0.95,0.31,-0.93
2.43,0.25,-1.38
1.05,1.57,-2.08
6.22,3.36,-2.74
8.06,4.39,-4.39
5.96,2.27,-4.00
4.49,-0.97,-2.78
3.17,-3.44,-3.40
19.21,-11.89,-3.38
1.52,-3.91,-3.40
5.07,-2.70,-3.77
-2.68,1.52,-0.70
-24.65,14.84,0.29
-15.21,11.21,-1.88
-17.16,7.05,1.22
-8.80,4.10,3.96
-2.80,2.45,0.21
-0.27,1.90,0.29
-0.97,0.47,-0.47
-2.64,0.78,-0.56
-1.11,1.11,-1.59
-2.89,0.66,-1.07
2.27,1.13,-1.88
0.51,0.68,-2.12
1.19,0.54,-2.62
4.06,-1.03,-1.38
4.43,-2.39,-0.72
2.00,-2.80,-0.17
4.92,-4.59,0.58
21.18,-12.36,-1.77
-9.97,2.93,-1.34
-0.95,0.85,-0.78
-2.33,1.19,1.57
-13.46,9.33,1.53
-6.99,6.04,0.16
-0.10,2.58,-0.16
-0.49,1.67,0.10
0.23,1.11,0.08
-2.74,1.77,-0.54
-2.78,1.67,0.04
0.41,1.90,-1.46
-3.61,1.92,-0.72
1.57,0.29,-0.25
-0.68,1.19,-2.39
5.52,1.67,-2.21
6.55,0.17,-2.39
9.07,-1.26,-1.53
5.77,-4.74,-0.93
5.71,-10.30,2.99
15.21,-8.06,-1.81
-7.83,3.75,-0.35
2.80,-1.19,0.47
-7.03,2.16,-0.62
-7.34,8.63,4.49
-7.97,11.09,6.10
-9.54,11.54,7.93
-2.88,12.96,9.58
-3.24,13.33,10.98
-3.96,14.03,12.45
-7.34,14.77,13.68
-5.25,13.29,13.56
-8.10,14.26,15.64
-13.74,12.26,16.16
-3.61,6.88,15.00
-9.21,5.11,12.94
-8.59,3.01,9.09
-7.75,0.82,0.91
-4.95,1.69,-1.15
1.96,-0.31,-1.83
-0.76,0.66,-1.67
0.68,-1.07,-1.50
3.48,3.15,-9.83
9.25,12.67,-28.70
15.23,3.15,-29.71
10.78,-1.85,-23.35
4.06,-1.46,-13.33
4.00,-0.21,-8.53
1.03,0.64,-0.43
0.60,1.01,-0.52
1.13,0.51,0.02
-0.51,-0.17,0.29
0.70,0.17,-0.56
0.85,-0.31,-0.35
0.14,-0.29,-0.49
0.84,0.39,-0.21
1.03,0.43,-0.51
-3.21,-0.78,-0.23
1.81,0.29,-1.24
0.72,0.21,-1.30
0.82,-0.54,-1.03
3.24,0.66,-0.64
0.19,0.10,-0.72
1.65,1.28,-1.01
-1.85,-0.45,-1.22
-1.17,0.37,-1.03
0.49,1.05,-1.28
-2.18,0.37,-0.91
-0.56,0.41,-1.15
-0.29,0.37,-0.58
2.55,0.54,-0.16
-1.38,0.33,-0.04
0.80,-0.33,-0.27
-0.02,-0.17,-0.16
0.02,0.29,-0.43
-0.80,-0.39,-0.35
2.25,0.56,-0.76
0.23,0.66,-0.82
-0.52,-0.47,-0.93
2.02,0.66,0.08
0.85,0.56,0.14
0.00,0.49,-0.21
0.64,0.41,-0.39
1.55,0.74,-0.58
3.05,1.34,-0.43
-3.38,0.62,0.12
1.42,1.71,-0.70
0.93,1.09,0.02
0.72,0.93,-0.49
-1.20,-0.56,-0.35
-0.82,-0.45,-0.60
0.41,0.08,-0.49
0.52,0.78,-0.93
1.42,0.93,-0.64
-0.29,-0.60,-0.14
0.12,0.43,-0.02
-1.32,-0.76,-0.14
0.66,0.95,-1.13
-1.15,0.21,-1.34
-2.62,-0.54,-0.45
2.60,2.02,0.25
3.34,2.37,-0.33
1.09,1.44,-1.59
0.64,-0.10,-1.24
0.00,-0.51,-0.00
-1.79,0.08,-0.12
-0.37,0.64,-0.56
-0.60,0.12,-0.14
0.78,-0.76,0.04
-0.95,-0.54,0.72
-0.51,-0.25,0.23
0.47,0.23,-0.19
-0.27,0.76,-0.80
-0.08,0.27,-0.23
-1.42,0.21,-0.19
0.14,0.06,-0.41
-0.35,0.72,-0.19
1.57,0.41,-0.47
-0.62,0.51,-0.93
-0.06,0.58,-0.62
0.27,0.78,-0.52
-3.09,0.04,-1.01
1.01,0.56,-1.07
1.15,0.70,-0.52
0.21,0.31,-0.14
1.05,0.95,-0.27
1.59,0.19,0.23
2.45,1.13,-0.19
0.82,0.23,0.02
0.37,0.76,-0.37
0.00,0.16,-0.14
0.49,0.74,-0.68
-0.29,0.16,-0.64
0.04,0.12,-0.72
0.52,0.78,-0.62
0.97,0.14,-0.51
-0.84,-0.06,-0.19
-0.54,-0.56,-0.19
0.35,0.70,-0.84
0.02,0.16,-0.66
-2.10,0.29,-0.56
0.43,0.56,-0.76
0.52,0.23,-0.89
0.52,0.19,-0.62
0.68,0.56,-0.76
0.12,0.17,-0.76
1.69,0.58,-0.54
-1.63,0.12,-0.29
-0.14,0.31,-0.14
1.53,0.47,-0.27
-1.05,0.54,-0.16
-0.91,0.21,-0.25
1.11,0.43,-0.64
0.76,0.80,-0.60
-0.68,0.12,-0.43
-1.48,0.17,-0.51
0.21,0.56,-0.33
1.55,0.72,-0.56
1.26,0.72,-0.35
0.93,0.72,-0.56
0.84,0.70,-0.54
-0.02,0.64,-0.47
-0.06,0.64,-0.70
-0.64,0.21,-0.51
0.47,0.72,-0.47
-0.17,0.19,-0.54
-0.93,0.39,-0.43
0.66,0.68,-0.72
-0.87,0.06,-0.41
-0.14,0.47,-0.08
1.57,0.87,-0.70
1.09,0.17,-0.14
1.81,0.62,-0.16
-0.27,-0.16,-0.64
0.10,0.25,-0.35
0.08,0.52,-0.29
0.62,0.68,-0.41
0.06,0.19,-0.45
0.62,0.66,-0.21
0.31,0.68,-0.49
-0.31,-0.19,-0.37
1.01,0.41,-0.49
0.97,0.51,-0.62
0.12,0.66,-0.60
0.12,0.72,-0.35
0.21,0.49,-0.37
-0.21,0.66,-1.03
0.17,0.54,-0.97
-0.25,0.16,-0.35
0.21,0.72,-0.41
0.02,0.43,-0.74
-0.14,0.58,-0.29
1.52,0.52,-0.17
0.64,0.64,-0.14
-0.78,0.02,-0.33
0.64,0.45,-1.13
-0.85,0.10,-0.27
-0.95,0.29,-0.31
1.26,0.00,-0.60
1.46,0.33,-0.33
1.15,0.64,-0.43
1.88,1.36,-0.62
-1.67,-0.12,-0.00
0.43,0.64,-0.12
-0.41,0.08,-0.45
-1.40,0.31,-0.29
0.60,0.97,-0.76
1.05,0.64,-0.51
0.33,0.62,-0.89
0.12,0.66,-0.35
-0.14,0.35,-0.64
0.16,0.70,-0.76
2.14,0.89,-0.60
-1.11,0.08,-0.23
0.64,0.51,-0.33
-0.29,0.33,-0.21
1.59,0.76,-0.85
-0.52,0.17,-0.37
0.23,0.74,-0.49
-0.80,0.06,-0.35
0.02,0.31,-0.33
-0.58,0.02,-0.23
-0.76,0.27,-0.35
0.45,0.31,-0.64
0.52,0.91,-0.39
-0.54,-0.33,-0.06
1.83,0.91,-0.74
0.19,0.23,-0.37
1.20,1.22,-0.54
0.33,0.39,-0.49
-0.47,0.10,-0.64
0.76,0.78,-0.39
-0.56,-0.12,-0.00
0.52,0.97,-1.03
-0.10,0.02,-0.49
-0.49,0.00,-0.10
0.08,0.29,-0.39
-0.54,-0.14,-0.25
-0.04,0.16,-0.37
-0.56,0.29,0.19
0.14,0.97,-0.51
0.27,0.33,-0.16
0.25,0.68,-0.45
1.01,0.93,-0.54
0.91,0.68,-0.29
0.12,0.16,-0.76
0.10,0.58,-0.29
0.35,-0.16,-0.47
0.95,0.39,-0.47
-0.35,-0.47,-0.16
0.10,0.52,-0.54
0.16,0.33,-0.41
0.10,0.27,-0.29
-1.07,0.27,-0.21
-0.66,0.06,-0.45
-0.04,0.35,-0.66
-0.66,0.17,-0.54
-0.04,0.37,0.16
2.04,0.87,-0.08
-0.52,0.27,-0.00
-0.12,0.51,-0.29
0.82,0.68,-0.08
1.15,1.09,-0.33
1.07,0.62,-0.41
0.54,0.54,-0.21
0.56,0.27,-0.27
-1.11,-0.49,-0.08
0.00,0.47,-0.37
-1.46,-0.21,-0.29
0.23,0.41,-0.29
-0.10,-0.25,-0.35
-1.44,0.12,-0.64
1.88,0.56,-1.15
1.05,0.47,-0.37
0.62,-0.12,-0.87
0.02,-0.27,-0.76
-0.37,0.45,-0.56
0.35,0.49,-0.82
-0.08,0.39,-0.39
1.40,0.84,-0.19
-0.72,0.00,-0.66
0.78,0.39,-0.78
0.06,0.23,-0.25
0.82,1.01,-0.95
-0.14,-0.23,0.27
1.34,0.56,-0.29
0.06,0.52,-0.31
0.35,0.70,-0.56
1.53,0.97,-0.52
0.23,0.54,-0.00
0.35,0.47,-0.10
0.10,0.12,-0.47
0.84,0.85,-0.70
-0.58,0.16,-0.21
0.04,0.58,-0.58
0.41,0.19,-0.17
0.68,0.25,-0.62
1.03,0.66,-0.80
0.74,0.47,-0.25
1.50,0.93,-0.58
0.87,0.25,-0.72
-0.27,0.00,-0.33
-0.08,0.99,-0.68
-1.50,-0.21,-0.37
1.48,0.56,-0.70
-0.43,0.41,-0.27
1.50,0.58,-0.45
0.47,1.09,-0.31
-0.85,-0.41,-0.25
0.17,0.51,-0.74
0.23,0.47,-0.21
1.15,0.62,-0.35
0.10,0.82,-0.02
-0.60,-0.16,-0.39
-1.03,-0.43,-0.21
0.25,0.14,-0.47
0.87,0.51,-0.33
0.33,0.72,-0.43
-0.84,0.29,-0.66
0.49,0.33,-0.14
-0.74,-0.04,-0.49
-0.51,-0.08,-0.27
0.74,0.49,-0.51
0.76,0.95,-0.76
0.02,0.49,-0.52
1.63,0.70,-0.47
-0.10,0.29,-0.70
0.62,0.68,-0.60
1.15,0.84,-0.68
-0.27,0.60,-0.70
0.54,0.45,-0.68
0.43,0.58,-0.25
0.76,0.72,-0.08
-0.89,-0.41,-0.10
-0.39,-0.35,-0.80
0.21,0.04,-0.93
0.74,0.41,-0.95
-0.60,0.51,-0.37
-0.76,-0.02,-0.23
-0.23,0.68,-0.49
1.46,-0.12,-0.99
2.43,1.46,-0.66
-0.35,-0.47,-0.21
0.64,0.82,-0.45
0.35,0.80,-0.04
-1.36,0.52,-0.04
-0.29,0.04,-0.19
1.42,0.89,-0.39
-0.16,0.60,-0.25
-0.49,0.31,-0.76
-1.07,0.49,-0.95
0.45,0.33,-0.14
1.73,1.01,0.17
1.90,1.15,-0.31
-0.52,-0.47,-0.35
0.47,0.62,-0.39
-0.39,0.10,-0.33
0.82,0.70,-0.45
0.02,0.97,-0.39
0.27,0.58,-0.64
1.11,0.52,-0.35
0.87,1.11,-0.25
1.13,0.62,-0.19
0.21,0.19,-0.39
-0.16,0.49,-0.31
-0.14,0.49,-1.05
-0.97,0.45,-0.23
1.63,0.49,-0.72
0.39,0.85,-0.35
0.21,0.84,-0.43
-0.51,0.19,-0.04
0.19,1.03,-0.14
1.03,0.85,-0.14
-0.99,-0.10,-0.33
-0.31,0.52,-0.49
1.98,0.49,-0.41
0.19,0.37,-0.54
1.75,0.91,-0.64
0.02,0.19,-0.39
0.74,0.47,-0.35
-0.64,0.47,-0.16
0.14,0.27,-0.60
-0.21,0.29,-0.80
0.85,0.45,-0.58
-0.04,0.25,-0.37
0.41,0.14,-0.72
0.78,0.66,-0.33
-0.56,0.95,-0.54
-0.16,-0.08,-0.10
1.17,0.54,-0.43
1.59,1.13,-0.33
0.87,0.51,-0.41
0.27,0.49,-0.52
0.21,0.87,-0.64
-1.52,-0.19,-0.12
0.08,0.17,-0.19
1.11,0.91,-0.58
0.68,0.51,-0.49
0.14,0.70,-0.56
0.37,0.12,-0.56
1.05,0.66,-0.31
0.14,0.62,-0.12
0.16,0.25,-0.54
-1.11,0.41,0.02
1.44,0.74,-0.41
0.47,0.80,-0.39
0.66,0.93,-0.43
-0.35,-0.02,-0.19
-0.82,-0.27,-0.54
0.91,0.23,-0.37
0.00,0.21,-0.49
0.12,0.16,-0.87
1.40,0.68,-0.19
0.58,0.84,-0.21
0.66,0.76,-0.95
-1.11,0.00,-0.85
-0.35,0.33,-0.80
-0.04,0.68,-0.35
0.27,0.60,-0.84
-1.07,-0.08,-0.64
0.19,0.93,1.36
0.39,0.64,4.25
-0.51,0.45,3.15
-0.47,0.70,2.16
0.62,0.66,1.52
1.24,0.70,2.95
-3.32,1.26,7.19
0.12,1.73,15.04
-8.43,0.99,18.01
-3.98,2.58,15.85
-3.77,1.03,16.82
-10.10,-3.44,17.41
-17.50,-6.22,18.59
-21.08,-9.23,15.83
-25.33,-8.35,13.46
-10.84,-9.60,10.12
-6.96,-7.75,6.41
-15.39,-3.67,5.27
2.58,-2.88,2.84
0.14,2.12,-1.07
2.47,1.30,0.02
0.12,0.99,0.25
-3.07,-0.56,1.15
-1.22,0.29,0.43
-0.52,1.30,-0.74
-3.34,0.00,0.95
-5.01,-0.41,0.54
-3.85,-0.04,1.03
-2.56,-3.48,3.48
-1.15,0.16,-0.10
2.35,1.05,-0.84
3.63,1.48,-1.30
3.77,0.56,-0.82
-1.17,-1.03,-0.72
-0.02,0.87,-0.49
1.46,0.78,-0.35
3.19,0.33,0.04
2.16,1.44,-1.19
-1.87,0.64,-0.08
-0.89,0.02,1.15
-0.49,0.08,-0.25
-1.34,0.06,-0.23
-4.90,0.31,0.29
-0.85,1.15,-0.31
-0.60,0.51,0.08
0.45,0.37,-0.52
-2.51,0.27,-1.52
-2.66,0.70,0.64
-0.04,0.14,0.04
0.06,-0.14,-0.51
-0.14,0.04,-0.54
0.47,0.23,-0.82
3.01,0.99,-0.54
7.48,1.59,-0.87
2.37,0.49,-0.91
2.29,-0.04,0.12
-1.63,-0.95,0.08
-0.68,0.58,-0.84
-0.12,0.74,-0.35
-2.49,0.84,-0.25
-1.15,-0.23,-0.52
-2.08,-0.21,0.25
0.89,1.09,0.14
-2.02,-0.10,0.23
0.52,0.43,-0.76
-1.46,0.49,-0.00
1.98,0.43,-1.19
-0.33,-0.64,-1.01
-0.74,1.17,-0.49
1.85,0.95,-0.74
0.00,0.95,-0.64
1.09,0.39,-0.60
-1.07,0.66,-0.29
0.68,0.80,-0.47
0.23,0.41,-0.95
-2.02,-0.19,-0.04
-0.10,0.47,-0.14
-0.89,-0.23,-0.14
0.68,1.15,-0.51
0.25,0.43,-0.43
-0.14,0.33,-0.35
-0.56,1.44,0.82
-0.41,0.27,-0.93
0.58,0.76,-0.74
0.52,0.66,-0.47
-0.68,-0.19,-0.51
0.14,0.31,-0.45
0.02,0.43,-0.51
0.95,0.97,-0.35
0.19,0.08,-0.49
0.37,0.64,-0.82
0.54,0.74,-0.60
1.30,0.35,-0.72
-0.02,0.76,-0.49
-0.35,0.04,-0.16
0.19,0.54,-0.35
0.19,0.87,-0.45
0.64,0.76,-0.04
0.99,0.76,-0.64
-1.01,0.58,-0.19
0.93,0.17,-0.95
0.45,0.35,-0.31
0.35,1.30,-0.25
0.14,0.27,-0.37
-0.74,0.14,-0.43
1.19,0.10,-0.82
0.85,0.29,-0.51
1.11,0.49,-0.58
-0.37,0.25,-0.80
-0.33,0.70,-0.60
0.74,0.23,-0.78
1.11,0.58,-0.29
-0.97,0.23,-0.19
-0.08,0.33,-0.14
-0.70,1.01,-0.72
-0.54,2.29,-0.00
-0.41,1.19,-0.39
0.84,1.28,-0.62
0.68,0.66,-0.17
-0.51,0.66,-0.52
-1.11,0.31,-0.41
0.16,0.52,-0.35
-0.06,0.12,-0.52
-0.60,0.97,-1.46
-2.49,1.65,-1.85
1.83,0.76,0.08
-0.45,1.07,0.47
0.41,-0.12,-0.74
-0.74,-0.04,-0.41
0.91,-0.02,-0.95
-0.80,0.64,0.37
-0.49,0.47,0.37
-0.95,0.54,-0.51
1.79,0.47,-0.70
0.00,0.14,-0.51
0.23,0.29,-0.43
-0.54,0.64,-0.54
-0.78,-0.10,-0.29
-0.47,0.54,-0.45
0.37,0.21,-0.43
0.91,0.56,-0.74
-0.29,0.41,-0.60
-0.39,0.56,-0.51
-0.54,0.45,-0.14
-0.47,0.56,-0.39
1.01,0.10,-0.64
-0.60,0.51,-0.33
-0.08,0.66,-0.43
-0.72,0.60,-0.21
0.10,0.60,-0.27
-0.12,0.06,-0.72
-0.14,0.41,-0.25
0.52,0.58,-0.51
1.57,0.52,-0.89
-0.37,0.51,-0.21
0.58,0.19,-0.54
0.08,0.37,-0.58
-0.29,0.14,-0.37
0.31,0.12,-0.23
0.17,0.21,-0.54
0.39,0.66,-0.54
0.80,0.58,-0.72
0.82,0.23,-0.51
0.45,0.43,-0.74
0.70,0.89,-0.51
0.85,0.64,-0.58
0.19,0.64,-0.23
0.04,0.74,-0.68
1.07,0.51,-0.52
-0.27,0.06,-0.56
-0.12,0.62,-0.02
0.08,0.82,-0.33
0.43,0.62,-0.47
1.20,0.91,-0.33
0.45,0.66,-0.64
0.58,0.87,-0.27
0.29,0.56,-0.25
-0.02,0.39,-0.54
0.37,0.47,-0.56
-0.02,0.66,-0.41
0.10,0.66,-0.45
0.45,0.54,-0.60
0.21,0.12,-0.70
0.76,0.70,-0.76
0.39,0.64,-0.45
0.76,0.37,-0.49
0.66,0.62,-0.43
-0.82,0.45,-0.35
-0.17,0.54,-0.37
-0.02,0.54,-0.37
-0.29,0.37,-0.23
0.54,0.21,-0.56
0.66,0.76,-0.70
0.43,0.35,-0.47
-0.23,0.70,-0.52
-0.25,0.25,-0.37
0.64,0.27,-0.54
-0.02,0.37,-0.19
-0.14,0.51,-0.54
0.76,0.47,-0.72
0.51,0.27,-0.56
-0.41,0.45,-0.47
-0.16,0.51,-0.31
-0.43,0.31,-0.56
0.54,0.74,-0.54
0.91,0.70,-0.68
0.41,0.47,-0.76
0.45,0.37,-0.52
-0.84,0.82,-0.06
-0.43,0.02,-0.60
0.80,-0.08,-0.51
-0.14,0.04,-0.82
1.75,-0.16,-0.17
0.02,0.60,-0.33
-0.51,0.58,-0.47
-0.21,0.54,-0.02
0.04,0.31,-0.45
-0.10,0.72,-0.54
-0.41,0.21,-0.58
0.43,0.54,-0.58
0.76,0.17,-0.78
-0.06,0.27,-0.45
0.31,0.66,-0.31
-0.02,0.64,-0.51
0.87,0.85,-0.25
0.47,0.25,-0.41
-0.43,0.33,0.02
0.04,0.47,-0.16
0.02,0.12,-0.68
0.16,0.37,-0.21
0.12,0.84,-0.49
0.49,0.62,-0.62
0.97,0.52,-0.47
-0.56,0.16,-0.23
-0.56,0.56,-0.45
0.17,0.51,-0.51
0.00,0.47,-0.47
-0.51,0.21,-0.47
0.16,0.25,-0.29
0.95,0.62,-0.49
-0.02,0.45,-0.51
1.09,0.80,-0.51
-0.12,0.51,-0.33
0.68,1.01,-0.25
0.17,0.35,-0.37
0.58,0.43,-0.41
0.10,0.29,-0.72
0.23,0.16,-0.84
-0.51,-0.04,-0.39
1.44,0.56,-0.56
0.66,0.41,-0.39
0.12,0.78,-0.12
0.41,0.62,-0.49
-0.25,0.70,-0.14
0.06,0.21,-0.37
0.70,0.64,-0.17
0.41,0.70,-0.17
0.08,0.39,-0.97
0.33,0.52,0.19
1.05,0.62,-0.12
-0.04,0.19,-0.68
0.25,0.68,-0.51
0.16,0.51,-0.87
-0.02,-0.02,-0.56
-0.23,0.23,-0.60
0.41,0.72,-0.43
0.16,0.16,-0.68
-0.04,0.47,-0.47
0.31,0.87,-0.58
-0.70,0.14,-0.58
1.05,0.10,-0.62
-0.31,0.49,-0.41
1.15,0.95,-0.35
0.66,-0.14,-0.39
1.09,0.43,-0.76
1.26,0.99,-0.54
-0.14,0.21,-0.68
1.01,0.66,-0.49
-0.47,0.41,-0.80
0.17,0.35,-0.31
0.51,0.80,-0.39
0.43,0.45,-0.45
0.04,0.66,-0.51
0.89,0.41,-0.49
-0.41,0.12,-0.29
1.13,0.93,-0.72
0.45,0.06,-0.33
-0.08,0.27,-0.66
-0.37,0.54,-0.45
0.45,0.19,-0.66
1.34,0.43,-0.91
-0.06,0.23,-0.27
-0.27,0.45,-0.25
0.45,0.89,-0.72
0.84,0.49,-0.62
0.29,0.58,-0.58
1.09,0.85,-0.25
0.31,0.74,-0.54
0.27,0.82,-0.39
1.05,0.37,-0.47
0.17,0.00,-0.76
-0.21,0.23,-0.47
-0.06,0.39,-0.49
0.52,0.89,-0.25
-0.51,0.47,0.10
0.47,0.52,-0.10
-0.06,0.33,-0.47
0.39,0.10,-0.58
0.23,0.29,-0.56
-0.14,0.56,-0.52
-0.37,0.43,-0.47
-1.19,0.39,-0.45
-2.02,0.70,-0.47
-3.56,0.85,0.06
-2.62,0.35,-0.33
-0.76,1.20,-0.68
-0.04,0.35,-0.99
-0.43,0.39,-1.03
-1.38,0.47,-0.72
-0.85,0.60,-0.31
-0.80,1.13,-0.21
-1.19,0.76,-0.43
-0.95,0.39,-0.39
-0.51,0.27,-0.84
0.29,0.31,-1.03
0.68,0.85,-0.72
2.16,3.52,-1.87
-1.59,2.29,-2.93
0.80,5.32,-3.56
-2.55,4.53,-3.69
-0.45,3.09,-3.77
-0.35,1.26,-4.59
-1.81,1.09,-6.10
-0.17,1.88,-7.07
0.80,1.09,-5.65
6.12,-0.82,-1.07
7.79,-1.81,1.03
3.01,-2.89,1.55
2.88,-2.74,-0.99
3.23,-1.75,-3.38
2.89,-1.28,-4.70
1.30,-1.69,-3.23
3.15,-0.41,-1.85
1.67,1.32,-1.36
1.75,1.38,-1.01
-1.22,0.21,-0.14
0.06,0.95,0.62
0.02,1.07,-0.10
-1.24,0.76,-1.15
-1.17,2.99,-2.72
-1.77,3.56,-3.38
-5.38,2.58,-4.16
-4.29,1.30,-3.28
0.87,0.87,-0.60
0.76,0.68,0.93
1.30,0.62,0.64
1.05,1.83,-1.07
1.20,1.61,-0.25
1.81,0.66,2.80
0.93,0.33,3.61
1.87,1.48,5.71
1.38,1.26,5.48
1.38,-0.21,3.23
-1.71,-3.01,1.01
-5.38,-6.53,3.59
-7.93,-2.95,2.14
1.69,-0.74,1.55
0.33,-0.29,0.35
0.52,-0.49,-1.81
2.37,-0.04,-2.37
16.75,2.10,-3.28
5.05,3.63,-2.20
0.58,1.20,-5.07
-0.72,0.25,-4.14
0.02,0.76,-2.86
0.25,1.40,-0.12
-0.78,1.20,-1.77
1.15,2.00,0.19
-1.75,0.54,-0.35
-0.68,0.45,-1.26
-0.78,0.87,-1.20
-2.23,0.97,-1.83
-3.65,0.33,-2.21
-3.59,-0.02,-3.85
-6.84,-0.93,-4.82
-8.14,-2.37,-4.41
-9.03,-2.45,-3.13
-7.52,-1.38,-3.54
-12.94,-0.27,-5.87
-16.01,-1.57,-5.95
-9.15,0.41,-9.01
-24.19,-1.90,-13.43
-13.89,-0.35,-9.89
-13.58,-1.94,-5.42
-13.44,-4.90,-4.18
-18.11,-9.91,-3.75
-18.11,-12.55,-3.44
-11.48,-14.57,-2.64
-16.30,-19.06,-0.93
-15.41,-18.44,3.79
0.62,0.41,1.01
1.69,2.16,-1.11
0.64,1.67,-3.61
1.77,0.95,-6.53
-0.66,1.42,-11.54
2.66,2.29,-14.36
0.99,2.53,-15.93
1.19,3.11,-16.63
3.17,4.70,-17.93
-3.57,3.56,-19.37
-0.87,2.86,-19.16
-4.04,2.99,-19.97
-9.00,2.53,-17.02
-16.14,4.24,-13.76
-8.12,4.90,-5.98
-2.64,3.38,-2.35
-2.04,3.77,1.30
5.79,7.64,2.93
-0.80,11.07,5.89
-4.70,14.32,8.18
-2.43,19.12,7.67
-5.30,19.93,8.06
0.25,23.51,8.10
5.01,28.68,8.57
-3.38,26.44,8.35
-3.65,27.34,7.64
-6.90,27.80,7.58
-3.32,23.84,-0.23
4.68,19.10,3.81
-0.47,13.19,2.14
-5.65,11.04,-1.63
-3.42,13.19,-3.75
-2.89,8.47,-4.88
-1.44,1.05,-0.10
-0.29,1.94,0.70
2.64,2.16,0.08
-0.21,1.73,-1.71
-0.14,1.44,-1.01
-0.06,-0.74,0.10
-0.80,0.84,-1.20
0.64,-0.16,-0.39
1.48,0.68,-1.46
3.75,-0.02,-4.33
1.71,0.80,-1.05
0.33,0.54,-0.27
-1.63,0.84,-0.35
-0.70,1.13,-0.93
0.02,0.74,-0.21
1.24,-0.23,0.56
0.00,0.49,-0.08
0.45,1.65,0.04
3.11,10.72,6.74
-4.68,15.95,9.87
-3.34,16.32,11.99
6.26,14.57,12.51
1.53,1.90,3.01
0.06,-2.10,-1.03
0.43,-1.48,-0.84
1.44,-0.78,-0.66
0.95,-0.70,-1.07
2.53,-1.71,-0.56
1.90,-2.41,-1.26
3.17,-2.31,-1.13
3.11,-5.95,-1.28
3.71,-9.52,-1.75
3.73,-10.76,-2.10
4.02,-10.30,-2.12
0.33,-12.10,-1.61
0.84,-14.18,-0.97
-3.42,-12.69,-0.49
-8.30,-3.98,1.30
-3.32,2.68,1.28
-1.94,0.80,3.11
-4.27,-2.33,6.33
9.42,2.18,7.29
27.65,8.47,5.27
13.35,6.00,4.45
-9.87,6.64,0.56
26.77,13.35,-1.77
-2.70,3.26,0.06
3.09,1.53,3.79
-7.67,0.62,7.65
6.45,2.12,9.44
2.89,6.78,12.73
6.68,4.60,13.11
1.94,2.14,13.97
-2.55,3.65,15.58
0.62,3.59,13.79
-4.47,-0.68,18.88
-0.85,0.19,17.14
-5.85,-2.88,12.38
-5.28,-4.53,6.57
-6.43,-0.62,-0.51
-3.11,-0.10,-1.11
-3.38,-1.53,-1.05
-0.35,0.70,-0.72
-0.60,0.91,0.56
0.25,-0.02,0.82
-0.78,1.63,2.68
-4.27,-0.64,1.30
-4.60,-1.09,0.08
-4.45,-3.77,2.99
8.08,1.65,-0.14
-2.76,2.02,-2.88
-0.78,0.70,-2.06
-1.73,0.66,-2.80
-5.69,0.56,-3.21
-5.79,0.76,-3.92
-9.33,-0.89,-5.09
-10.30,-1.55,-5.52
-9.58,-2.91,-3.38
1.94,0.06,-0.54
1.46,3.09,-1.92
-1.50,3.32,-4.66
-3.38,3.52,-7.89
-5.56,1.36,-9.64
-7.95,0.89,-12.22
-11.02,-0.17,-11.60
-11.35,-1.71,-8.80
-7.69,-1.63,-6.37
-10.76,-5.48,-3.75
-11.52,-8.28,-5.61
-12.98,-10.47,-6.92
-12.53,-14.51,-5.19
-11.62,-16.48,-3.15
-6.61,-14.49,-1.36
-12.12,-13.70,-1.57
-10.08,-13.35,1.50
-9.19,-7.54,0.85
-2.95,-1.71,0.33
1.73,0.60,-1.22
1.53,1.03,-1.46
2.49,0.35,-1.15
1.20,1.36,-0.87
-2.80,0.99,0.74
0.23,0.47,0.93
-0.72,-0.08,0.52
0.78,-0.35,-0.89
1.50,-1.36,-2.64
0.02,-1.75,-5.56
3.36,0.16,-8.22
0.14,-0.62,-11.60
1.73,-1.53,-14.18
-0.89,-1.87,-17.70
1.65,0.47,-17.85
0.23,2.45,-14.92
2.41,2.60,-13.70
-7.25,3.77,-13.87
-4.82,5.17,-13.60
-16.01,0.58,-11.02
-5.05,1.20,-7.52
3.21,2.86,-1.61
2.45,1.17,0.87
-1.01,0.54,1.01
0.04,3.11,1.22
1.40,6.63,1.71
-1.67,9.62,2.55
-7.29,11.09,3.19
-0.35,12.86,3.75
-1.71,14.84,4.16
-1.81,16.20,4.45
-4.35,18.05,6.45
-1.30,20.19,6.70
-3.11,18.92,7.19
-2.20,19.49,5.17
-1.65,21.14,4.14
-3.30,21.86,0.82
-5.96,18.53,-1.50
2.62,17.31,-1.90
-4.16,14.36,2.58
-1.15,12.28,2.10
-0.39,7.29,-1.96
-0.76,4.22,-1.87
-0.47,0.89,0.23
-0.89,0.72,-0.27
0.33,0.23,1.42
-0.82,0.99,3.92
-1.20,3.79,1.81
-0.23,3.17,2.74
1.17,1.44,1.32
-1.52,0.64,0.14
-2.04,-0.93,-1.15
0.54,0.64,-0.87
0.12,-0.47,-1.50
1.20,-1.53,-1.44
0.93,-2.41,-1.61
1.52,0.10,-0.99
1.87,-0.52,-0.31
1.85,-0.12,0.17
1.13,0.37,-0.04
1.48,1.50,0.89
2.53,1.96,2.16
2.80,1.13,1.46
-0.87,-0.31,-0.14
-0.21,-0.14,-0.12
0.02,-1.20,0.64
1.09,-5.89,0.21
-0.56,-8.86,-1.34
-0.99,-8.68,-0.68
2.10,-8.68,-0.04
-4.53,-7.42,-0.66
-2.25,-7.34,0.80
-1.11,-7.97,1.79
-4.16,-11.23,4.97
-11.07,-13.72,7.79
-14.65,-14.65,16.92
-5.93,-13.68,21.68
-10.26,-14.53,17.37
-11.95,-11.79,8.72
-9.40,-10.53,10.65
-4.99,-10.34,10.80
-0.72,-10.32,9.23
0.25,-10.67,9.36
1.20,-8.16,9.42
0.10,-7.07,4.90
5.54,-4.60,2.45
16.69,-0.68,5.17
8.94,-0.84,4.66
18.17,-4.43,4.95
13.95,-5.46,3.69
2.23,0.02,-0.62
1.46,-0.35,-0.91
-0.27,-2.16,-1.17
4.64,2.74,-1.48
1.30,0.14,0.41
0.29,0.66,-0.35
-0.45,0.93,-0.49
-0.89,1.26,-1.07
-0.47,0.80,-0.84
-0.33,-0.66,0.04
12.73,0.02,0.29
10.74,2.29,-0.89
4.57,-0.41,-2.16
1.77,-2.12,-2.82
1.90,0.82,-3.17
0.91,1.52,-2.25
2.31,1.50,-0.45
3.75,2.45,-0.51
-0.31,0.35,0.89
1.73,1.92,0.37
1.22,4.18,-1.48
8.49,11.48,-4.47
10.88,16.71,-9.95
10.53,17.14,-13.97
4.14,13.44,-15.54
6.61,13.64,-19.21
5.19,12.57,-22.56
2.35,9.73,-21.68
1.24,5.19,-21.04
1.77,4.86,-21.84
2.95,5.40,-14.57
6.16,0.31,1.81
1.13,0.37,1.55
0.99,0.45,-0.51
0.33,-0.35,-0.10
1.38,-0.84,-0.47
1.34,-0.39,-0.72
0.97,-1.26,-1.73
1.88,-3.73,-2.35
2.62,-4.80,-3.57
1.83,-6.78,-5.63
1.40,-8.10,-6.28
3.15,-9.00,-7.09
4.06,-10.51,-7.56
6.00,-13.13,-7.73
3.11,-17.31,-8.72
4.78,-17.72,-6.28
2.64,-17.33,-5.58
1.50,-17.80,-5.48
0.51,-18.65,-4.84
0.37,-19.58,-5.79
6.66,-17.66,-2.53
-0.49,-13.60,-4.00
-0.68,-4.66,-3.26
-2.93,-1.01,-3.77
-0.72,-0.43,-2.60
0.00,1.11,-1.17
-1.75,3.07,0.21
-0.93,5.01,0.10
-3.03,13.39,1.30
-3.61,16.30,1.07
-7.34,22.25,-1.32
-10.08,21.12,2.45
-4.84,20.07,4.74
-6.08,18.09,3.32
-5.15,17.68,3.48
-3.42,18.77,0.85
-7.75,18.61,0.39
-7.69,17.12,0.84
-3.09,16.30,3.89
-0.27,13.91,5.27
-0.43,10.26,3.54
-3.75,0.80,1.13
0.78,-0.25,-0.54
0.21,0.41,-0.23
0.78,0.12,-0.16
1.20,0.23,-0.25
-0.47,-0.58,-0.04
0.41,-0.47,0.23
-0.45,-0.68,-0.49
1.48,0.93,0.47
0.19,-0.87,-0.14
-1.03,-0.74,-1.40
2.02,0.51,0.39
0.62,0.00,0.10
0.02,-0.16,-0.89
0.19,0.29,-0.17
0.95,0.70,-0.02
0.51,0.70,-0.19
0.37,0.89,0.12
-0.49,1.53,1.28
1.13,1.85,1.96
-0.08,1.40,0.27
-0.06,0.21,-0.72
0.49,-0.02,0.17
-0.66,1.03,0.99
1.36,2.20,3.71
-1.52,3.75,8.51
2.74,4.64,16.38
10.59,5.91,14.51
-0.97,3.96,12.24
-6.16,3.67,12.84
-8.02,-0.23,13.81
-0.29,5.95,13.08
0.72,6.31,11.48
-4.57,-0.70,11.56
-1.40,-0.31,12.82
0.04,-1.65,15.81
-7.75,0.12,13.97
-3.59,-2.95,13.27
-10.39,-9.09,8.57
-9.25,-10.61,6.51
-8.18,-7.81,4.55
-8.18,-6.08,5.69
-6.74,-7.79,4.80
-9.21,-9.11,3.05
-0.74,-0.17,-0.17
0.64,2.95,-2.56
1.96,3.89,-3.05
-0.95,0.49,-1.34
-0.41,0.64,0.62
0.10,0.72,-0.68
1.07,1.24,-0.66
0.35,0.78,-0.82
0.84,0.43,-0.78
0.80,0.35,-0.95
0.97,0.80,-0.70
0.52,0.72,-0.52
1.28,0.82,-0.58
0.72,-0.16,-0.89
0.04,0.91,-0.87
-0.41,0.49,-0.21
-0.14,1.55,0.12
-0.10,0.76,-0.60
-1.81,-0.25,-1.20
-0.66,1.53,3.34
0.51,1.03,1.55
-3.87,-1.73,-5.25
0.60,0.33,-4.20
-0.16,0.21,0.19
0.87,0.95,1.30
0.14,1.07,-0.43
0.72,1.48,1.17
1.24,1.17,-0.58
-0.41,2.06,-3.07
0.02,2.20,-3.24
-1.55,3.87,-6.53
-8.80,1.26,-14.65
-5.87,-1.75,-13.50
-8.33,-1.77,-13.17
-6.29,-0.27,-12.14
-1.03,0.02,-10.86
-6.16,-1.59,-13.87
-6.99,-1.36,-16.44
-7.29,-0.93,-18.17
-4.31,0.64,-18.26
-1.48,0.49,-17.56
1.01,0.72,-15.62
-0.68,0.31,-11.07
-1.09,0.04,-5.73
4.74,1.81,1.11
0.62,0.16,-0.08
3.19,-4.92,-2.68
1.96,-12.86,-7.27
2.47,-15.41,-9.99
1.36,-15.35,-9.54
0.80,-15.70,-9.73
-3.11,-14.51,-8.45
-3.13,-12.86,-8.30
0.51,-10.26,-4.72
-1.32,-8.08,-4.33
-3.21,-7.29,-3.85
0.10,-2.31,-2.76
0.25,-0.08,-0.87
1.13,4.12,-0.10
4.02,9.17,1.44
-0.68,11.02,2.70
-2.66,13.35,3.65
-2.31,13.54,3.57
-3.21,13.06,3.83
-3.48,14.07,4.47
-2.55,15.91,5.15
-2.41,16.61,5.71
-3.01,17.06,4.70
-3.05,18.52,3.38
-2.08,19.86,3.50
-4.12,20.40,4.24
-5.19,17.31,3.75
-0.80,14.24,2.89
-5.19,13.76,2.70
3.94,16.59,2.16
-2.49,14.47,-0.76
-3.54,7.27,-1.73
0.99,0.29,-0.43
0.23,2.21,-0.16
2.12,1.07,1.75
0.12,-0.72,0.29
-0.31,0.39,-0.14
0.68,0.04,-0.66
1.01,-0.47,-0.27
1.32,-0.25,0.23
0.19,-0.06,-0.21
0.04,-0.06,-0.47
0.93,-0.23,-0.41
0.39,-0.25,-0.89
-0.82,-0.52,-0.78
0.21,-0.93,-0.33
-0.02,-0.95,0.27
-0.64,-0.43,0.21
1.07,-0.82,-0.41
-0.58,0.56,-0.51
0.49,0.43,-0.80
0.74,-0.74,-0.74
0.51,-0.06,-0.89
1.32,-0.06,-0.60
0.80,-0.76,-0.33
1.13,-0.64,-0.12
1.19,0.31,0.19
0.27,0.31,-0.04
-0.60,-0.10,-0.12
0.60,-0.87,-0.04
-0.76,-3.71,-0.56
1.01,-4.51,-0.27
-2.02,-6.14,-0.17
-4.88,-5.07,1.32
-6.63,-5.44,3.73
-7.65,-5.85,5.36
-8.00,-5.87,11.39
-9.54,-5.46,12.65
-10.04,-5.85,13.79
-12.41,-5.75,16.53
-10.61,-6.12,17.47
-12.10,-7.91,20.52
-11.42,-11.93,21.68
-9.71,-13.31,22.73
-0.56,-10.90,19.45
0.49,-12.07,14.61
4.95,-15.85,8.24
0.60,-13.97,1.59
-7.17,-7.01,-1.53
3.92,-0.37,-1.92
-1.94,-0.66,-2.37
0.66,1.22,-1.52
-0.02,0.91,-0.37
-0.02,0.76,0.08
-0.64,0.17,-0.31
-0.10,0.21,-0.80
-0.08,-0.02,-0.85
0.72,0.35,-0.64
1.30,1.01,-0.56
0.82,-2.12,2.64
-6.10,-3.85,-0.49
3.65,-2.08,1.90
7.91,-6.08,3.23
9.42,-6.82,4.18
6.26,-2.80,1.03
6.94,-3.54,-0.33
11.07,-3.13,-0.64
2.60,1.63,-2.70
8.88,1.03,-6.53
15.56,7.75,-10.71
23.08,14.90,-15.35
26.64,12.63,-21.16
13.39,1.48,-20.15
15.80,-0.23,-19.31
5.38,-4.22,-19.04
-0.27,-1.46,-19.00
4.18,-0.54,-16.86
0.76,-2.86,-12.05
-1.38,-4.14,-12.32
-6.16,-4.24,-12.38
3.13,-8.04,-7.09
-8.96,-7.05,-3.34
-25.76,-3.36,1.75
-3.79,-0.25,0.23
1.07,1.98,-0.39
1.48,1.09,-1.44
-0.70,1.09,-0.54
1.07,1.03,0.06
-1.36,2.82,-0.33
0.49,1.92,-1.88
4.45,2.88,0.72
7.67,8.08,2.47
-2.80,7.01,1.11
-1.40,5.85,2.20
1.59,1.40,2.95
-0.33,0.41,3.36
-0.10,0.52,2.99
1.90,0.52,-0.97
-0.17,0.70,-3.40
2.27,1.42,-0.85
2.08,1.26,0.91
-0.27,0.62,-0.89
0.12,0.17,-1.81
-0.35,-0.06,-0.87
0.27,0.68,-0.41
-0.58,0.33,-0.14
-0.17,0.64,-0.35
1.05,2.21,-0.04
-2.56,0.35,-1.01
0.14,-0.19,-0.00
-1.81,-0.87,0.21
0.37,-0.06,-0.33
0.60,0.58,-0.93
0.80,0.14,-0.95
-2.37,0.08,-0.49
-0.43,0.17,-0.99
1.11,-0.21,0.29
1.73,0.41,0.78
0.74,-0.08,-0.29
0.99,-0.29,-0.00
0.27,0.54,-0.16
0.89,1.11,-0.02
-0.52,0.70,0.33
-0.51,0.45,0.33
0.60,0.43,-0.10
0.62,0.31,-0.41
0.95,-0.37,-0.21
2.78,1.24,-0.70
2.23,0.91,-0.97
1.13,0.70,-0.87
0.97,0.85,-0.16
0.68,0.64,-0.43
-0.43,0.51,-0.60
-0.08,-0.16,-0.80
1.52,0.08,-0.33
2.00,0.41,-0.10
1.28,0.41,-0.39
1.46,0.08,-0.37
0.37,0.10,-0.17
-1.17,0.19,-0.51
1.40,1.32,-0.56
0.08,0.58,-0.14
0.47,0.99,-0.68
-0.72,0.06,-0.49
1.88,0.95,-0.49
0.85,0.60,-0.64
0.70,0.29,-0.16
0.58,0.54,-0.00
1.22,0.41,-0.33
-0.23,0.52,-0.60
-0.41,0.31,-0.58
0.62,0.29,-0.85
0.41,0.41,-0.95
1.07,0.76,-0.49
1.38,0.64,-0.25
0.16,0.31,-0.33
0.72,0.14,-0.45
1.30,0.35,-0.31
-0.21,0.23,-0.39
1.71,0.39,-0.97
0.23,0.37,-0.80
1.13,0.62,-0.60
0.99,0.29,-0.68
-0.60,0.17,-0.72
0.02,0.23,-0.27
0.21,0.29,-0.89
-0.21,0.16,-0.45
0.99,0.80,-0.25
0.00,0.31,-0.12
0.29,0.51,-0.58
0.00,0.78,-0.39
0.33,0.16,-0.56
-0.02,0.45,-0.85
0.47,-0.06,-0.85
-0.29,0.14,-0.58
0.39,0.87,-0.45
-0.39,0.21,-0.66
0.78,0.64,-0.31
0.17,0.21,-0.12
0.41,-0.04,-0.25
0.82,0.82,-0.25
0.27,0.49,-0.60
-0.08,-0.33,-0.02
0.14,0.74,-0.49
